EPOCH 117
POS 0 5545.6712649477613 2493.5561144317103 3309.0607290765106
POS 1 2055.2052610598539 3980.4795569390935 5282.2747836019262
POS 2 -2221.4964558735483 3950.7094258075431 5242.7684852448438
POS 3 -5655.6807491875797 2414.0705370604587 3203.5798052324872
POS 4 -6934.6485699537534 -45.721657515574165 -60.674688841946448
POS 5 -5564.4755434876697 -2489.5605839829764 -3303.7584810848953
POS 6 -2066.1401531210258 -3981.0272758020983 -5283.0016310827805
POS 7 2220.173097809075 -3948.1569641932183 -5239.381254277163
POS 8 5652.4282607012756 -2405.0588115880155 -3191.6208416104187
POS 9 6920.5922805035452 55.625249508592873 73.817199311718198
POS 10 2475.6939458333541 5277.398369137115 3734.7401633420245
POS 11 -1279.8618697691427 4118.6969176400326 5420.1549743049063
POS 12 -4550.4814878351772 1388.5560709768972 5040.2109416360208
POS 13 -6089.0659120551991 -1874.3599665443267 2737.2609523511614
POS 14 -5304.5141627636785 -4425.017753874039 -613.09386869181208
POS 15 -2492.214392387953 -5285.7873930892665 -3730.8603993062911
POS 16 1272.8585399349768 -4124.5121822897308 -5420.9355340203756
POS 17 4547.8097005548698 -1386.0481784948029 -5035.4344232187805
POS 18 6079.5540519172619 1879.4380938604925 -2724.3896494791211
POS 19 5286.4433607441624 4423.361218296106 625.41094865253456
POS 20 -1529.4370798529674 5347.4591469930829 4123.1771679554831
POS 21 -3727.6967318312045 1949.174005904948 5504.0221200230535
POS 22 -4506.5125121280653 -2195.4075053865404 4787.3538217864843
POS 23 -3567.0364462920406 -5507.2398078821407 2243.5319180408183
POS 24 -1264.5828893066277 -6719.3396373786827 -1159.4395140436186
POS 25 1522.2072734855053 -5363.4522967850671 -4120.6109295048245
POS 26 3725.8410032949796 -1956.2010015000778 -5504.5616411647434
POS 27 4501.9145609619418 2196.4706261416773 -4781.1148084099086
POS 28 3555.3696326714057 5504.336744569895 -2229.9977817467147
POS 29 1251.2894983571366 6705.8952199178411 1170.7037526342601
POS 30 -4463.24318160862 2834.8779100940674 4470.5101910367894
POS 31 -3968.8129846182633 -1277.8430889343072 5533.0346655751109
POS 32 -1960.4982302977689 -4907.2630379318971 4486.7017717409781
POS 33 798.13581449766889 -6668.5594310439983 1727.3159433590986
POS 34 3254.4300474876081 -5884.6205368688989 -1694.2369986271874
POS 35 4467.2615043265796 -2850.6932396636957 -4469.0961536455579
POS 36 3970.5300166408861 1272.5911410583631 -5533.0480068166171
POS 37 1955.1230449338354 4904.9892874172738 -4478.985360932943
POS 38 -805.59294176256958 6657.5629300037799 -1713.394904547368
POS 39 -3256.081668678974 5865.254878583175 1704.2629584279728
POS 40 -4943.2823295579065 -854.54388479342606 4773.2859719598328
POS 41 -1889.1757800364671 -3756.797830221607 5506.89489494177
POS 42 1888.4831864446589 -5229.3936047913749 4141.2367565826526
POS 43 4949.8267212777655 -4708.1849673331481 1193.7650695928012
POS 44 6122.9511146293789 -2388.1144075150842 -2212.124299866955
POS 45 4955.0949386024886 845.52458574739035 -4772.8168764542897
POS 46 1892.035217416246 3753.9965927237972 -5506.1178921252658
POS 47 -1891.7601942433641 5223.2519529538758 -4132.0869450132686
POS 48 -4947.9430927632648 4693.7607659104151 -1179.7484837643208
POS 49 -6111.7415894337091 2371.911720391086 2220.7759097172948
POS 50 -2883.5641589000961 -3789.2415389719486 5028.4933621616774
POS 51 1364.1008095728746 -4088.6729132510523 5425.8522168294376
POS 52 5096.0947366830933 -2829.1351449962503 3754.3891438315773
POS 53 6887.357866426074 -488.46043785995619 648.20889462849289
POS 54 6048.6542573487213 2040.5537689980758 -2707.9063123869068
POS 55 2896.7905216787221 3789.4155461608825 -5028.7242775006689
POS 56 -1361.4787665939564 4087.3165140947913 -5424.0522143530807
POS 57 -5094.3310864192717 2821.2363382935509 -3743.9070732997811
POS 58 -6875.5204152345641 478.0486055426112 -634.39192646817628
POS 59 -6029.7324579595561 -2045.9763286762009 2715.1022921276917
POS 60 504.76560798796504 -4508.0651393368316 5233.5928513350091
POS 61 3989.6765741364443 -2029.3222909129588 5290.7011402337848
POS 62 5956.7945716256172 1226.1519769884731 3330.0042813451478
POS 63 5652.306055686221 4017.1276723978026 96.101381741926261
POS 64 3187.8138188737039 5274.9144749317229 -3176.6075757664798
POS 65 -495.791339314428 4515.1982992474932 -5234.2509392516404
POS 66 -3987.0747862458579 2028.4044141236648 -5287.6862662872591
POS 67 -5949.2969115085953 -1231.5653150943688 -3318.3442065751319
POS 68 -5635.4100993270031 -4017.2683245146222 -82.771237842147158
POS 69 -3170.0052660875408 -5267.3009634488681 3182.3246766370789
POS 70 3373.1160340029764 -2753.9786298026238 5386.5415261970038
POS 71 4486.9005223446429 1365.8796016664432 5102.77394174239
POS 72 3890.4865208583446 4969.4211564135212 2872.3048696869882
POS 73 1808.1933906061668 6679.5476559710669 -457.03375030311457
POS 74 -966.28127843329037 5837.8558797695559 -3613.522856943106
POS 75 -3370.7167487098941 2763.3024760353469 -5387.3369184138419
POS 76 -4483.5092840699726 -1366.1066809237841 -5098.4007576176964
POS 77 -3880.109053625607 -4968.2982406764368 -2859.6680086854067
POS 78 -1794.4901470388061 -6668.0394727526873 469.60927146044463
POS 79 975.05373470537211 -5821.2792402953328 3617.7967884465929
POS 80 4208.5538855121922 424.84453009683432 5485.8132289235364
POS 81 2463.1359222791493 4280.1892910078168 4863.9280738619118
POS 82 -223.92037597198836 6507.1743716778947 2385.8494732593063
POS 83 -2828.1215252202956 6251.7123672018306 -1005.658505746973
POS 84 -4352.4632027229836 3606.5097608019396 -4014.2650470858734
POS 85 -4211.4109036547225 -417.60575426310362 -5486.450583298405
POS 86 -2459.1037282240031 -4278.4048292024481 -4858.1072923875408
POS 87 231.687474365204 -6498.4670952161969 -2372.4759853992327
POS 88 2831.307710945317 -6233.2722397314474 1017.2416900739707
POS 89 4349.08332177177 -3588.9772150869803 4017.1890533695878
POS 90 2617.0850486346972 3249.8472629061466 5530.4137239101683
POS 91 -1128.6302422330323 5082.7779394942645 4576.5284116496205
POS 92 -4448.067863496346 4978.6221594749422 1875.487556645603
POS 93 -6071.8579157682389 2973.0559716321968 -1544.2763932683727
POS 94 -5374.9506793355276 -169.76027390281928 -4374.80985898789
POS 95 -2622.0248865933386 -3246.4354909619078 -5530.6039988041312
POS 96 1131.5093051488163 -5078.070201750963 -4569.2284567745037
POS 97 4448.0186915295671 -4965.6947005398088 -1861.6469682839743
POS 98 6062.1800928805033 -2956.3444082647766 1554.6690879901898
POS 99 5362.2502568970658 180.59081884083187 4376.5310014936013
GLINKS 13
GL 100 29 727.96636992960146 0.0054282344352025082 300 0.002
GL 100 73 1750.1388400425715 0.0088378347864994378 62.683930825464287 0.0095718311232048658
GL 100 82 1811.7758379066054 0.0090434336807319066 58.491438413462859 0.010257911521319319
GL 101 83 1562.1169670560462 0.0082106613270973156 78.681771541239584 0.0076256544336386883
GL 102 71 1317.5839340845141 0.0073949869282052263 110.59733124990366 0.0054250856979925783
GL 102 80 610.0870811177233 0.0050350314520511497 300 0.002
GL 102 99 1525.509007728115 0.0080885503187945948 82.503367622279754 0.0072724304145613079
GL 103 42 736.88869314489421 0.0054579961019062539 300 0.002
GL 103 51 1369.9149872660096 0.0075695445322577449 102.30903649894753 0.0058645846010500968
GL 103 60 1485.7349064681912 0.007955878197803733 86.979834056210407 0.0068981506634313901
GL 103 79 1458.1457012612786 0.0078638505150829333 90.302419156921786 0.0066443402690835813
GL 104 3 1820.8030787906491 0.0090735453151081259 57.912894361619486 0.01036038703666721
GL 104 30 908.65928829521749 0.0060309611334359104 232.54076032254835 0.0025801928193911598
BEST 100 29
BEST 101 83
BEST 102 80
BEST 103 42
BEST 104 30
EPOCH 226
POS 0 2255.7773463272038 3940.8180044310366 5229.6421257286838
POS 1 -2017.6011533245589 3990.0033018566655 5294.913219977223
POS 2 -5526.0685964560253 2520.3157667699743 3344.571987140363
POS 3 -6933.4836107329402 89.083948380552641 118.21839238791546
POS 4 -5697.1052046722698 -2378.5745533481349 -3156.4750438587284
POS 5 -2282.0038109667871 -3938.2376974061608 -5226.2179426531347
POS 6 2006.6442822851318 -3989.4737064302499 -5294.2104231090407
POS 7 5523.0710492750422 -2511.680163061445 -3333.1121539573901
POS 8 6920.1355904103521 -73.387862356075829 -97.38898270943092
POS 9 5669.4009436672586 2390.5282593110774 3172.3381474560101
POS 10 -1096.7193708653838 4217.8048936869664 5383.7031457734283
POS 11 -4421.3685415792988 1546.017294733346 5108.5512554831594
POS 12 -6065.6005817370869 -1716.4822497913608 2888.4553899227703
POS 13 -5400.8398447425852 -4328.6251578874144 -434.47089725273031
POS 14 -2674.298745568562 -5291.3072374052945 -3594.7575549239691
POS 15 1076.2003953581516 -4230.8677006391699 -5381.7222415814667
POS 16 4413.6126190745554 -1550.0348442663005 -5106.8147496304991
POS 17 6056.7616816159425 1722.6740081621138 -2874.9134112374886
POS 18 5378.568586300672 4332.0813426619561 455.55343204673551
POS 19 2644.8088165483787 5282.8634605382304 3608.6949578025265
POS 20 -3648.4691222865108 2144.5540564636085 5484.150714194292
POS 21 -4508.5564307595114 -1996.9212928197139 4871.3285478951657
POS 22 -3653.0285021300833 -5381.8429333330605 2403.4847048583315
POS 23 -1404.5649056987809 -6719.7213435279573 -982.92549338543415
POS 24 1382.1168779217348 -5493.4733225610107 -3997.1225387679297
POS 25 3641.0402192610886 -2165.282929172703 -5483.2752193444858
POS 26 4504.2766484656931 1991.352465515841 -4868.2107190375
POS 27 3640.5185360406822 5381.1414324664402 -2387.983614953745
POS 28 1383.8193064120155 6706.8679771579182 1003.8375019410248
POS 29 -1399.7222104814894 5468.242376296711 4008.9954430027929
POS 30 -4032.2000491020349 -1075.351758779301 5529.9976153395628
POS 31 -2086.1775893929635 -4761.6175082115051 4585.5947835730576
POS 32 655.93070137223845 -6638.5265358634024 1894.4763805834261
POS 33 3151.0343425590236 -5987.2320446546692 -1521.662969417524
POS 34 4444.8557736260018 -3048.945471068168 -4359.5188448239542
POS 35 4038.120600067638 1056.7594568971735 -5529.8455908494552
POS 36 2084.28405226825 4755.7604139220766 -4580.8030868209935
POS 37 -666.43904852819185 6628.7807774932025 -1877.2173173538413
POS 38 -3159.0528415473145 5962.3477784185625 1541.9875989130999
POS 39 -4442.7206680961581 3018.5937450801985 4369.2707572591189
POS 40 -2066.8401147644245 -3640.6656996479492 5520.7964970670009
POS 41 1705.1859782226718 -5201.4207007045898 4254.1800032939263
POS 42 4831.7062599674218 -4783.2490513139765 1366.4900184430135
POS 43 6119.5082635911713 -2541.0082004914148 -2045.2917629026135
POS 44 5070.5182004867738 673.62172572430109 -4678.2938040568406
POS 45 2080.5703956611983 3630.8397162939032 -5520.9571611906604
POS 46 -1705.0749090627355 5195.1073606267664 -4247.4886258149854
POS 47 -4833.6037493915819 4767.166981625689 -1347.7442045488262
POS 48 -6109.0279191006293 2515.3761038198645 2064.6355775583456
POS 49 -5050.3793705359085 -695.38735753865728 4685.9527885540792
POS 50 1154.3371880369136 -4111.8761229577549 5456.6439161157105
POS 51 4945.7177921998891 -2924.0665057069509 3880.3673144720897
POS 52 6857.6609146813234 -621.51545332039859 824.77886388589548
POS 53 6156.3700911212336 1920.4817695227464 -2548.5653872615535
POS 54 3101.9835471289907 3730.2666130300472 -4950.2309920850348
POS 55 -1140.1072659476124 4111.9138796480802 -5456.6940209360582
POS 56 -4942.6054155191514 2917.4795869041282 -3871.6261779843812
POS 57 -6847.5149719510509 606.51816784921152 -804.87679386298953
POS 58 -6130.7596522508466 -1934.0522727310229 2566.5740532708833
POS 59 -3073.8490633121241 -3734.5449603852962 4955.9085507879172
POS 60 3844.469661871959 -2179.0444354362908 5338.179191461526
POS 61 5909.1166290181836 1063.1059107017932 3467.8612100597311
POS 62 5725.3609269119042 3903.8149413323222 274.73820415329919
POS 63 3357.3199617971582 5258.1909468201638 -3026.4354289694375
POS 64 -295.49114508711119 4603.2852513703992 -5172.5836189822276
POS 65 -3834.8269449262234 2185.6038429623904 -5337.6998965110934
POS 66 -5901.922077724842 -1067.9935524657492 -3457.0019539845807
POS 67 -5705.9927188765259 -3909.0069936571058 -254.05646856867764
POS 68 -3327.9798731815786 -5252.1241097099382 3042.8078405611818
POS 69 318.82056579232022 -4589.9556117110833 5176.4702471827695
POS 70 4471.0828702458002 1161.6081467763893 5166.5780841513842
POS 71 3960.729488911918 4823.611286626935 3020.7517663464196
POS 72 1941.0052180687367 6652.0778315108328 -278.14784753122132
POS 73 -821.3622201815059 5943.8877492577849 -3474.1027781124212
POS 74 -3270.9644673796288 2962.4421089185471 -5343.1031619163286
POS 75 -4467.2114592657563 -1153.1228213173406 -5165.1716543537686
POS 76 -3950.4166903546102 -4823.4785455742558 -3007.7904730898981
POS 77 -1921.2091682786186 -6642.4924683847275 299.20157558750469
POS 78 840.57786105377284 -5920.1077848840105 3488.6030615993773
POS 79 3280.3381504350095 -2939.3419894162444 5345.4607537214015
POS 80 2579.1681647231535 4117.2199269103221 4943.5413639768331
POS 81 -80.605206245101911 6450.4737692312438 2543.4750295006752
POS 82 -2712.5876849681949 6328.4857663724169 -828.3606773220813
POS 83 -4311.5100352439949 3790.6490392001806 -3887.0665493301576
POS 84 -4261.8171087864848 -198.12368183533758 -5460.0629068127837
POS 85 -2579.448022269085 -4109.7883308198643 -4940.8470261993143
POS 86 90.033036463545216 -6443.0005032774743 -2528.5115832217639
POS 87 2722.1117786891396 -6306.580471936124 849.36389486241615
POS 88 4311.3859559639086 -3759.8659347827834 3899.5334665943492
POS 89 4255.6338484466178 219.96156770330481 5461.2143143543217
POS 90 -940.55532379715726 5034.3877909953171 4671.2783647246515
POS 91 -4311.4972594471792 5033.3490942001054 2040.7699370965972
POS 92 -6042.9407453668273 3114.0006069658625 -1370.4020818861654
POS 93 -5468.3407990401056 3.9406335233521794 -4261.1701659064711
POS 94 -2801.2394270786367 -3108.4715531565835 -5522.2761205306269
POS 95 938.08363284859604 -5028.5945483231053 -4666.9866907748828
POS 96 4314.4375480066992 -5019.8502166661401 -2023.9840415380691
POS 97 6035.4655005874029 -3089.4449118868788 1390.9342998297382
POS 98 5449.0164306966108 19.742932676724934 4271.5235424426737
POS 99 2785.0074075165976 3120.5592932774666 5522.5922829450637
GLINKS 13
GL 100 28 985.44807882642363 0.0062871009677849324 197.71232097299225 0.0030347122376959039
GL 100 81 1773.2334424426576 0.0089148700880348954 61.061771829527586 0.0098261151293657454
GL 101 38 1795.3740690573738 0.0089887232688734761 59.565025510643792 0.010073025149511349
GL 101 82 1227.8207907619644 0.0070955693113599425 127.35947572419187 0.0047110746694604229
GL 102 70 1003.2149750282369 0.0063463649543453061 190.77137774365141 0.003145125894127832
GL 102 89 564.62292412173144 0.0048833793481280023 300 0.002
GL 102 98 1683.444152903113 0.0086153652567974651 67.749142327550501 0.0088562006748240003
GL 103 41 685.89830304869918 0.0052879104685438719 300 0.002
GL 103 50 1468.9108905756511 0.0078997593214157891 88.983672795478952 0.0067428100139117269
GL 103 69 1724.2274604770314 0.0087514037276982849 64.582092707299367 0.0092905010483221029
GL 103 78 1778.1661451731654 0.0089313238132667297 60.723466210862441 0.0098808588744999839
GL 104 2 1455.0846353304173 0.0078536398982072368 90.682757738712809 0.0066164727999207919
GL 104 39 689.52025389861535 0.0052999919961249174 300 0.002
BEST 100 28
BEST 101 82
BEST 102 89
BEST 103 41
BEST 104 39
EPOCH 345
POS 0 -2177.8962444873682 3959.4643201675358 5254.3866224691101
POS 1 -5624.2046853768034 2440.5265086941531 3238.6880653899143
POS 2 -6935.0549852667009 -7.1376620079960738 -9.4719974061900736
POS 3 -5607.32783012871 -2454.5340519812962 -3257.276703172734
POS 4 -2138.0367722784345 -3967.2993274322853 -5264.7840282871584
POS 5 2151.5364489362651 -3961.9393863000464 -5257.6711461634159
POS 6 5615.1355204979227 -2436.5309097362338 -3233.385726483531
POS 7 6921.1031833675625 23.029262486866472 30.560863528934281
POS 8 5573.067845712384 2471.3070825696309 3279.5352665578612
POS 9 2096.1082472335052 3972.7211707044821 5271.9790573251512
POS 10 -4522.6123275680666 1423.1138608189112 5055.573818220465
POS 11 -6083.7064181729702 -1834.5826747750291 2775.7854265595934
POS 12 -5333.234694874146 -4397.3347316192348 -560.97081173663014
POS 13 -2551.1045033168521 -5288.1847608277958 -3687.4989079000843
POS 14 1207.7174535411746 -4160.3142440064521 -5408.56151315639
POS 15 4505.504045889159 -1438.5310828015577 -5058.7810187215573
POS 16 6073.6369069116336 1834.6735062605569 -2767.833515967639
POS 17 5309.6069419788082 4401.2644875839533 583.61986266214296
POS 18 2512.058617279753 5278.9790964922076 3708.0721595217624
POS 19 -1242.7341112171343 4139.1515186675988 5413.1547742762959
POS 20 -4507.3468598702102 -2151.2761039943193 4806.5042262874304
POS 21 -3589.6883577950089 -5475.2507652303348 2285.2388212819842
POS 22 -1306.4163365914849 -6720.1956077066534 -1106.9927608798105
POS 23 1476.8698586633482 -5406.3322273539816 -4080.9749982387184
POS 24 3698.1715431063576 -2025.7429535079777 -5498.1578862892329
POS 25 4503.161589548663 2132.0965511110335 -4809.0871586907751
POS 26 3579.6084973716788 5470.3293020668616 -2274.5352742926971
POS 27 1283.2356954235436 6706.7084834102343 1130.7181316337578
POS 28 -1502.2526146234877 5373.2932452800151 4099.4618320866821
POS 29 -3711.8145564430461 1989.1858400526598 5500.3853408593905
POS 30 -1989.3502639479163 -4874.4434051879907 4509.6571129563499
POS 31 760.42623437979739 -6661.2430783859345 1771.9087162133965
POS 32 3223.4429299022495 -5916.3948350096371 -1642.09833889173
POS 33 4460.4547790878523 -2915.9561146430751 -4433.7424615518239
POS 34 3993.3290486401561 1201.4338887317538 -5532.6424190637827
POS 35 1995.4439656404656 4859.1921594613495 -4511.0937193789177
POS 36 -767.53340066724422 6650.3241398761329 -1758.4611680663941
POS 37 -3233.6154885670007 5888.5071007718425 1666.3732558895313
POS 38 -4459.3210456303968 2873.2488553694138 4449.8249500005759
POS 39 -3982.1422221385073 -1236.331423476787 5532.8343456507819
POS 40 1845.8352775950677 -5223.3192059392522 4167.9813808842437
POS 41 4918.1916358474173 -4729.0887453488604 1240.883319872888
POS 42 6122.5859156689748 -2435.5157317787921 -2160.9492906648493
POS 43 4993.7169994567994 788.98405344186119 -4742.2407369992225
POS 44 1954.2241107949028 3713.9572116452282 -5511.6399573931549
POS 45 -1834.923618641071 5215.2181010743643 -4167.7953035913151
POS 46 -4917.8232948080968 4713.8486154562024 -1224.8088012006745
POS 47 -6111.626300978005 2404.9415734694239 2185.2250725710342
POS 48 -4965.6683792063741 -821.89614341755134 4755.6968053184009
POS 49 -1926.205085578925 -3732.9802365947012 5510.2077849605475
POS 50 5060.5762425744178 -2852.101694784857 3784.866784799045
POS 51 6879.8074647791718 -525.550720138879 697.42936165917251
POS 52 6083.0533628544817 2003.2191584686482 -2658.3616108166157
POS 53 2965.0420671183856 3770.293311649752 -5003.3482152148563
POS 54 -1289.3832588482735 4095.8193806085292 -5435.3358993290713
POS 55 -5049.3257981294128 2850.42848276319 -3782.646357450205
POS 56 -6868.8517149664876 511.62524543524103 -678.94963256510937
POS 57 -6052.826293736508 -2021.099437603229 2682.0895426512975
POS 58 -2922.6099956822472 -3778.3655933536716 5014.0604948487107
POS 59 1320.0871958268224 -4093.8751402095254 5432.7558051755932
POS 60 5945.6541437813485 1186.2894631947556 3364.1110211377777
POS 61 5673.6929736401953 3985.3118999171734 146.94102036652333
POS 62 3241.9346129226683 5270.224569431537 -3129.3573249966362
POS 63 -429.39299892289375 4544.9634400854538 -5214.4149892240157
POS 64 -3938.2750012831011 2079.497603577855 -5304.475326935767
POS 65 -5935.9665072237431 -1183.5219709649491 -3359.5256809728012
POS 66 -5653.8879240904616 -3990.0799697348675 -126.37372919873866
POS 67 -3204.8694030234346 -5264.3953139200512 3152.0105334508903
POS 68 467.0082135145168 -4525.0491543488824 5222.3754969091888
POS 69 3958.9699802336104 -2061.4755430312421 5301.2692532215806
POS 70 3908.5070618369718 4933.2464914319498 2909.8829825856465
POS 71 1846.973858610628 6672.2891072723151 -405.11254876794527
POS 72 -919.89829939626873 5872.5598641812876 -3569.2145375889149
POS 73 -3337.9958363517767 2829.7553053139545 -5373.2909673045806
POS 74 -4478.8010296503007 -1298.0765242139228 -5120.3562610150666
POS 75 -3900.7912831009203 -4927.024502555344 -2902.6964491939411
POS 76 -1826.0936077013946 -6662.2937947344162 427.36652941938831
POS 77 946.22340652693856 -5842.9794506013268 3590.3089954845027
POS 78 3354.5216455455065 -2791.8439186532173 5378.6014234844806
POS 79 4483.8256248901571 1321.5516584311567 5117.0711066543254
POS 80 -187.02597402110408 6493.1985362144169 2426.6824974029582
POS 81 -2794.2030210958051 6275.1456911104706 -953.24062054330227
POS 82 -4339.7045200670791 3666.6131161798166 -3973.5152342413026
POS 83 -4228.6307530185895 -344.85237803478213 -5478.349001594016
POS 84 -2497.4362466135995 -4225.5626716073721 -4884.8170774140408
POS 85 191.72227404245436 -6483.4610811463062 -2416.7621926354814
POS 86 2805.1347067898851 -6251.550910824415 976.71317569441726
POS 87 4341.4508029952167 -3625.377569663146 3992.6290568026948
POS 88 4218.4647655209292 383.13328634958248 5481.2167754118027
POS 89 2489.0934287682226 4244.3766939147481 4882.0028948742602
POS 90 -4412.4626095995427 4993.5593805650169 1919.2969009796466
POS 91 -6063.810739397929 3015.9160897022548 -1491.9847554126866
POS 92 -5406.1094388415986 -113.01307540484763 -4338.1903376053633
POS 93 -2681.6115329309682 -3201.1860490495301 -5528.5027354082931
POS 94 1071.3170829999074 -5063.2031988373274 -4600.2181946255532
POS 95 4411.5998083884633 -4981.1239819699767 -1906.6192344388483
POS 96 6056.3909554044312 -2988.0081681221864 1516.1591901820354
POS 97 5380.7430137143365 147.08205295351326 4354.9806013202788
POS 98 2651.7103798978064 3223.5903157942644 5529.2325778973591
POS 99 -1086.0741797857183 5072.2371423610275 4598.4062608694121
GLINKS 13
GL 100 27 1159.621529491036 0.0068680810625697461 142.78043113213732 0.0042022565364347808
GL 100 80 1616.1324860341904 0.0083908377042433493 73.510149909160447 0.0081621381637970412
GL 101 37 1787.8127710251924 0.0089635014935071922 60.069934464407474 0.0099883578257524298
GL 101 81 1256.6522573994996 0.0071917407321817938 121.5824798652865 0.0049349215500851815
GL 102 79 1002.2663934376877 0.0063432008267455741 191.13265465116572 0.0031391810106705942
GL 102 88 572.95992963694209 0.0049111886051414347 300 0.002
GL 102 97 1612.441485831632 0.0083785258528139232 73.847075649918224 0.0081248985788466271
GL 103 40 781.99899099139304 0.0056084678587591192 300 0.002
GL 103 59 1443.3417830818089 0.0078144699593537103 92.164327913422284 0.0065101109462180479
GL 103 68 1789.2695511190802 0.0089683607888463961 59.972159301370262 0.010004642270505858
GL 103 77 1789.3331272399207 0.0089685728559586418 59.967897680710308 0.010005353250744359
GL 104 1 1427.9090026210956 0.0077629917448460151 94.167310170424656 0.0063716378742699111
GL 104 38 741.15909419000172 0.0054722406265136992 300 0.002
BEST 100 27
BEST 101 81
BEST 102 88
BEST 103 40
BEST 104 38
