COE 6928.1369999999997 0.001 0.92502450355699462 0 0 0
RV 6921.2088629999998 0 0 0 4.5693873373235441 6.0637818039730815
PROP 5906.9518753425837 2171.9680498199205 2882.2989532385059 -3.9546284416495099 3.8998722182844485 5.175305232255683
COE 6928.1369999999997 0.001 0.92502450355699462 0 0 0.62831853071795862
RV 5600.4441129138986 2448.7617523494055 3249.6166028373987 -4.4584054075023003 3.697583813300461 4.9068594519478248
PROP 2661.1086481290727 3847.8821975679452 5106.3121444879043 -7.0027791019645731 1.7585960276005692 2.3337357517495589
COE 6928.1369999999997 0.001 0.92502450355699462 0 0 1.2566370614359172
RV 2140.2485582691011 3964.1602235235969 5260.6182967005952 -7.2138514849650468 1.4151725558960933 1.8779974120012306
PROP -1602.0606568765638 4057.4380054636244 5384.4020941963499 -7.379607985370396 -1.0507606095145723 -1.3944064256190187
COE 6928.1369999999997 0.001 0.92502450355699462 0 0 1.8849555921538759
RV -2141.5717134999359 3966.6109665998442 5263.8705426090519 -7.2138514849650477 -1.4060429108664754 -1.8658819638414434
PROP -5258.81482477591 2719.2949117456728 3608.6262310908287 -4.9432047175025273 -3.4577472885854492 -4.5885856337893349
COE 6928.1369999999997 0.001 0.92502450355699462 0 0 2.5132741228718345
RV -5609.513158852973 2452.7271401611865 3254.8788501987397 -4.4584054075023012 -3.6884541682708436 -4.8947440037880385
PROP -6911.7851879198324 341.51667680263751 453.20793744795009 -0.62066988780351717 -4.5449495558677437 -6.0313517726402788
COE 6928.1369999999997 0.001 0.92502450355699462 0 0 3.1415926535897931
RV -6935.0651369999987 5.1112181944329982e-13 6.7828156370943308e-13 -9.289059040362146e-16 -4.5602576922939271 -6.0516663558132961
PROP -5924.5617966850668 -2168.2620393673951 -2877.3809112586141 3.9411444605307917 -3.8956889984750545 -5.1697539120699219
COE 6928.1369999999997 0.001 0.92502450355699462 0 0 3.7699111843077517
RV -5609.5131588529748 -2452.7271401611856 -3254.8788501987387 4.4584054075022994 -3.688454168270844 -4.8947440037880394
PROP -2671.7344419745477 -3848.6928860222001 -5107.387964403074 6.9988651171487639 -1.7551152080439394 -2.329116548181938
COE 6928.1369999999997 0.001 0.92502450355699462 0 0 4.3982297150257104
RV -2141.5717134999377 -3966.6109665998438 -5263.870542609051 7.2138514849650468 -1.4060429108664765 -1.865881963841445
PROP 1600.7308784581182 -4055.6469961227808 -5382.0253445251019 7.3797613107168623 1.0595018616029304 1.4060064589373527
COE 6928.1369999999997 0.001 0.92502450355699462 0 0 5.026548245743669
RV 2140.2485582690997 -3964.1602235235973 -5260.6182967005961 7.2138514849650477 1.4151725558960924 1.877997412001229
PROP 5256.2461752607787 -2711.3792684133773 -3598.1218175969134 4.9363017683035713 3.4704420706566381 4.6054321785985
COE 6928.1369999999997 0.001 0.92502450355699462 0 0 5.6548667764616276
RV 5600.4441129138977 -2448.7617523494059 -3249.6166028373996 4.4584054075023021 3.6975838133004606 4.9068594519478248
PROP 6899.1548587018206 -332.41749617374757 -441.13291691339657 0.60533861885415075 4.5548273133645552 6.044459999575631
COE 6928.1369999999997 0.001 0.92502450355699462 0.62831853071795862 0 0.10000000000000001
RV 5327.0070133908794 4384.2998861922433 551.83427781884404 -3.2850386143139771 3.2331644526457124 6.0335184156786124
PROP 2984.9355731573619 5278.6808660199276 3338.8997367921984 -5.8472291064724482 0.25462115190273671 4.8343020305968656
COE 6928.1369999999997 0.001 0.92502450355699462 0.62831853071795862 0 0.7283185307179586
RV 2549.807106977119 5280.3867770838888 3680.1389701025942 -6.0896226177969845 -0.20781125342091902 4.5269049123450786
PROP -718.21915000103263 4408.6233675059266 5293.3294563957552 -6.6537580064942308 -3.1909078286206642 1.7642824260857399
COE 6928.1369999999997 0.001 0.92502450355699462 0.62831853071795862 0 1.3566370614359173
RV -1203.2981426677245 4160.6749709073274 5405.5016509431225 -6.5692026264502887 -3.5679995161920961 1.2934814410386375
PROP -4150.4734836060043 1856.3913037675018 5230.4665021901046 -4.9241295530462166 -5.4173512842513469 -1.9751715508624161
COE 6928.1369999999997 0.001 0.92502450355699462 0.62831853071795862 0 1.984955592153876
RV -4500.9123501415907 1449.8001956729961 5067.2979562660057 -4.5405953772932968 -5.5639226278876919 -2.4316941322233188
PROP -6003.0858828930868 -1407.0514846815904 3171.8982690302569 -1.3182512478448198 -5.5772201441322293 -4.9594547798716304
COE 6928.1369999999997 0.001 0.92502450355699462 0.62831853071795862 0 2.6132741228718346
RV -6081.3968436610567 -1818.2475774224877 2791.5213084438215 -0.77865988967955235 -5.4332057987714411 -5.2257313525155977
PROP -5565.3970606751418 -4136.6020967773075 -99.957103054355912 2.7907625072150073 -3.6082618867402947 -6.0506797492470259
COE 6928.1369999999997 0.001 0.92502450355699462 0.62831853071795862 0 3.2415926535897932
RV -5337.618360058591 -4393.0333693415314 -552.9335263856924 3.2796723436069026 -3.2257784146641413 -6.021402967518827
PROP -3000.4506903392685 -5286.6361466618318 -3335.3384795307852 5.835266767174244 -0.25887841560160385 -4.8295418041207592
COE 6928.1369999999997 0.001 0.92502450355699462 0.62831853071795862 0 3.8699111843077518
RV -2553.6157642605604 -5288.2741123661908 -3685.6360087037506 6.0842563470899105 0.21519729140249058 -4.5147894641852915
PROP 711.5590635583543 -4414.5845882110589 -5294.5344506062656 6.6493032987555951 3.192668590539177 -1.7589173194598611
COE 6928.1369999999997 0.001 0.92502450355699462 0.62831853071795862 0 4.49822971502571
RV 1203.8097156124695 -4162.4438498505733 -5407.7997583691713 6.5638363557432156 3.575385554173665 -1.2813659928788546
PROP 4148.3372319138507 -1854.5401648734182 -5226.8128026794757 4.9181786632185078 5.4249987429828224 1.9880236738852761
COE 6928.1369999999997 0.001 0.92502450355699462 0.62831853071795862 0 5.1265482457436686
RV 4497.2912892718496 -1448.6338066502656 -5063.2212285012101 4.5352291065862254 5.5713086658692621 2.4438095803831019
PROP 5994.8904886110231 1411.7368685865183 -3160.4754824381034 1.3038680226034807 5.5824877469276224 4.9763292533836827
COE 6928.1369999999997 0.001 0.92502450355699462 0.62831853071795862 0 5.7548667764616273
RV 6070.9014396816383 1815.1096070926023 -2786.7036416145652 0.77329361897248194 5.4405918367530139 5.2378468006753822
PROP 5548.9330723638204 4135.2267820930001 111.32275966509663 -2.8088610069866862 3.6061719637521614 6.0625531484263648
COE 6928.1369999999997 0.001 0.92502450355699462 1.2566370614359172 0 0.20000000000000001
RV 1309.1507877589347 6707.0995412810662 1098.1711976683157 -4.724872061221066 -0.049270945308197069 5.9430306325672957
PROP -1128.5653434256262 5700.9561465725037 3762.2009423482082 -4.7806225723403006 -3.8735590498177279 4.4451312733392694
COE 6928.1369999999997 0.001 0.92502450355699462 1.2566370614359172 0 0.82831853071795858
RV -1473.1794907460203 5400.6143673083825 4073.9726280966738 -4.6666241790211558 -4.3599891186787429 4.1017795620305817
PROP -3475.9368136154903 2537.6283130201377 5427.5902709189268 -3.1434494306058123 -6.8035695497333117 1.1773268967520261
COE 6928.1369999999997 0.001 0.92502450355699462 1.2566370614359172 0 1.4566370614359172
RV -3695.2790216133944 2030.3815308664014 5496.4094354903127 -2.8275427420021417 -7.0048008350843505 0.69610195786189444
PROP -4499.6520159873335 -1596.4139952439718 5024.3301270300653 -0.30990835835028624 -7.1384244968172608 -2.5361871768254547
COE 6928.1369999999997 0.001 0.92502450355699462 1.2566370614359172 0 2.084955592153876
RV -4507.8095652790989 -2119.7077335895265 4820.0337427602853 0.089905648973714461 -6.973477912702025 -2.9731490898706405
PROP -3807.5778347172027 -5126.0841614792598 2703.4219910801976 2.640386093350978 -4.751273273863557 -5.2808164001202673
COE 6928.1369999999997 0.001 0.92502450355699462 1.2566370614359172 0 2.7132741228718347
RV -3597.77479920838 -5463.6553062571456 2300.1997344090369 2.9713548689773259 -4.2779846432548387 -5.5044443941893544
PROP -1660.7304971543876 -6701.5741458248085 -652.17848530948027 4.582862356445375 -0.54993405450224553 -6.0095225755738433
COE 6928.1369999999997 0.001 0.92502450355699462 1.2566370614359172 0 3.3415926535897933
RV -1311.7194150495668 -6720.2592468580042 -1100.3258711669635 4.7161892528241864 0.052092160774960108 -5.9309151844075085
PROP 1121.8188732362451 -5716.1302004840854 -3759.9088255410202 4.7743102860596576 3.8643537101762715 -4.4409394909298969
COE 6928.1369999999997 0.001 0.92502450355699462 1.2566370614359172 0 3.9699111843077519
RV 1475.1729178461296 -5407.922187641655 -4079.485308318579 4.6579413706242772 4.3628103341455065 -4.0896641138707954
PROP 3474.4812021844523 -2544.684576260006 -5428.646779766711 3.1384836980080593 6.8036727507798336 -1.1710173517076639
COE 6928.1369999999997 0.001 0.92502450355699462 1.2566370614359172 0 4.5982297150257105
RV 3696.1209868280748 -2030.8441510397408 -5497.6617862663315 2.8188599336052622 7.0076220505511131 -0.68398650970210739
PROP 4495.9710395807724 1597.3134980320215 -5019.3155189269364 0.29953382566230097 7.1406450970833628 2.550191441197629
COE 6928.1369999999997 0.001 0.92502450355699462 1.2566370614359172 0 5.2265482457436692
RV 4503.3778363732063 2117.6238012718545 -4815.2950592476318 -0.098588457370593088 6.9762991281687876 2.9852645380304259
PROP 3797.2306504534677 5123.7828120913764 -2691.3066014180649 -2.6554500029918446 4.7454939435175172 5.2974584951764676
COE 6928.1369999999997 0.001 0.92502450355699462 1.2566370614359172 0 5.8548667764616278
RV 3591.2352054044686 5453.724143696506 -2296.0187134251196 -2.9800376773742046 4.2808058587216022 5.5165598423491407
PROP 1648.4887315884839 6689.3387922444335 662.61128534926013 -4.5954156536910871 0.53709310950976152 6.0201002175079852
COE 6928.1369999999997 0.001 0.92502450355699462 1.8849555921538759 0 0.30000000000000004
RV -3214.0703174313776 5908.3513620922804 1633.5676776352541 -3.4591668071641513 -3.4808545289363688 5.7932225786566942
PROP -4387.4795786176383 3388.1789195674965 4147.992007740555 -1.1167248519848298 -6.3457892022562312 4.0116898757225856
COE 6928.1369999999997 0.001 0.92502450355699462 1.8849555921538759 0 0.92831853071795867
RV -4454.8645691473594 2914.747349297475 4427.1827774035028 -0.72905236486281066 -6.6221273916811914 3.6357311129769214
PROP -4149.6235878521484 -659.70948798207075 5507.7508985182185 1.918672949414582 -7.3163063458039375 0.57871971581497239
COE 6928.1369999999997 0.001 0.92502450355699462 1.8849555921538759 0 1.5566370614359173
RV -3995.2438544250772 -1194.9927925008776 5532.4177242611604 2.2778770323927318 -7.2345114728448445 0.09182778079949748
PROP -2328.7706993379975 -4459.8761055655687 4768.0323096916709 4.2203386028304912 -5.4979637321285919 -3.071864985920131
COE 6928.1369999999997 0.001 0.92502450355699462 1.8849555921538759 0 2.1849555921538757
RV -2008.1552818724908 -4852.8567054249224 4524.5385640684763 4.4130765566220935 -5.0840968675921898 -3.4848367978278079
PROP 382.90381685320159 -6562.4576945720628 2207.8678790591403 4.9115863421650667 -1.5836704139333264 -5.5494561061647989
COE 6928.1369999999997 0.001 0.92502450355699462 1.8849555921538759 0 2.8132741228718343
RV 748.61801109974954 -6658.8556234094121 1785.8327652366604 4.8609725623322628 -0.99226886522554913 -5.7280983202271862
PROP 2950.7942112375217 -6160.4090229116518 -1197.9246642491771 3.7273242357364076 2.9361052192054875 -5.9082721566450376
COE 6928.1369999999997 0.001 0.92502450355699462 1.8849555921538759 0 3.4415926535897929
RV 3220.2172271041982 -5919.651084422906 -1636.6918759156713 3.4504839987672735 3.478033313469604 -5.7811071304969088
PROP 4391.4379947890156 -3403.1933607253677 -4146.8307904599797 1.1167701303396314 6.3362159451080524 -4.0078212257225863
COE 6928.1369999999997 0.001 0.92502450355699462 1.8849555921538759 0 4.0699111843077516
RV 4460.2063105514571 -2918.2423661170801 -4432.4913261098645 0.72036955646593259 6.6193061762144279 -3.623615664817136
PROP 4151.7794464288982 654.62604805416208 -5508.3871820335944 -1.9238135530637077 7.3140459569083767 -0.57130484865307729
COE 6928.1369999999997 0.001 0.92502450355699462 1.8849555921538759 0 4.6982297150257102
RV 3995.356991682364 1195.0266322893706 -5532.5743911857062 -2.2865598407896095 7.2316902573780828 -0.079712332639713196
PROP 2324.2635346936977 4458.1282682504589 -4761.6270893387455 -4.230434986363182 5.492433257808095 3.0868755109119626
COE 6928.1369999999997 0.001 0.92502450355699462 1.8849555921538759 0 5.3265482457436688
RV 2005.8421290467886 4847.2667994538979 -4519.3268410214841 -4.4217593650189722 5.0812756521254272 3.4969522459875932
PROP -389.72640094303057 6552.8403764033628 -2195.3132682654573 -4.9195596744734083 1.5688060392419969 5.5656147799018019
COE 6928.1369999999997 0.001 0.92502450355699462 1.8849555921538759 0 5.9548667764616274
RV -747.20208892260541 6646.2611877803074 -1782.4550743723253 -4.8696553707291423 0.98944764975878752 5.7402137683869725
PROP -2952.3847797138515 6142.592490578847 1207.2383051017998 -3.7290296765178592 -2.9534681621968573 5.9175447695705534
COE 6928.1369999999997 0.001 0.92502450355699462 2.5132741228718345 0 0.40000000000000002
RV -6111.2591873950369 2434.9806864414695 2152.6886714502812 -0.084361022447325018 -5.1413736046448202 5.5855910865015268
PROP -5256.1784241384812 -365.61469575482329 4492.4350986151139 3.4180538665723432 -5.7791024128032795 3.5383134222620218
COE 6928.1369999999997 0.001 0.92502450355699462 2.5132741228718345 0 1.0283185307179585
RV -4989.9411464446748 -786.13544828595593 4736.2372383833972 3.8675912213229569 -5.7285712877333363 3.1334161672319047
PROP -2421.4539829981572 -3394.3943886412649 5533.0041498206601 6.1477126105382496 -4.4427534138201574 -0.025574534708416273
COE 6928.1369999999997 0.001 0.92502450355699462 2.5132741228718345 0 1.6566370614359172
RV -1961.342729153255 -3710.1921009845628 5513.1503737692547 6.3412302066299526 -4.129060053617855 -0.51330338231782902
PROP 1339.8220350726617 -5131.5092202637925 4464.1131351016629 6.5323222880953304 -1.414357925102673 -3.5768676530359418
COE 6928.1369999999997 0.001 0.92502450355699462 2.5132741228718345 0 2.2849555921538758
RV 1820.4625058988061 -5219.579670549123 4183.7578116917357 6.3917099169831904 -0.95379882834319674 -3.9616446416583839
PROP 4594.0490619662587 -4912.080789415867 1690.180749840795 4.4251749181709297 2.1525384903005182 -5.7626825505381696
COE 6928.1369999999997 0.001 0.92502450355699462 2.5132741228718345 0 2.9132741228718344
RV 4909.5976715675515 -4734.6634732527209 1253.5717993182216 3.9997488187699841 2.5843705231953549 -5.8944584545302838
PROP 6096.0226298623629 -2816.0138473678553 -1731.725999456168 0.6271562075609709 4.8982107491427476 -5.7479206795898552
COE 6928.1369999999997 0.001 0.92502450355699462 2.5132741228718345 0 3.541592653589793
RV 6122.5272508923053 -2439.4703531612258 -2156.6578424338609 0.078994751740251931 5.1339875666632482 -5.5734756383417405
PROP 5267.5947470872461 357.12125409481433 -4492.2214545122642 -3.4136845648621854 5.7723849849097721 -3.5345097107487016
COE 6928.1369999999997 0.001 0.92502450355699462 2.5132741228718345 0 4.1699111843077521
RV 4995.0960181208929 786.94756755492517 -4741.1300205777115 -3.8729574920300331 5.7211852497517652 -3.1213007190721171
PROP 2424.655479410259 3392.0321054525975 -5532.965221134853 -6.1515555709613006 4.4375005990558867 0.034211542065120885
COE 6928.1369999999997 0.001 0.92502450355699462 2.5132741228718345 0 4.7982297150257107
RV 1961.006445166068 3709.5559662721571 -5512.205111035677 -6.3465964773370276 4.1216740156362821 0.52541883047761739
PROP -1342.7756484260915 5126.417735525195 -4456.3430381199814 -6.5365712645368728 1.4026994939103603 3.5926984413521632
COE 6928.1369999999997 0.001 0.92502450355699462 2.5132741228718345 0 5.4265482457436693
RV -1818.0793252123417 5212.7466808984082 -4178.280823958472 -6.3970761876902635 0.94641279036162318 3.973760089818172
PROP -4592.5919202942714 4899.1714078804625 -1677.4578102422133 -4.4214625545645747 -2.1696204196144659 5.7781260327026427
COE 6928.1369999999997 0.001 0.92502450355699462 2.5132741228718345 0 6.054866776461628
RV -4900.042607584759 4725.4488663846432 -1251.1320966071653 -4.005115089477056 -2.5917565611769269 5.9065739026900701
PROP -6085.6843777181093 2801.00193838721 1739.7787958516549 -0.61811746261793743 -4.9122389646222517 5.7559310190553514
COE 6928.1369999999997 0.001 0.92502450355699462 3.1415926535897931 0 0.5
RV -6074.6751086307795 -1997.1894363332374 2650.3598992810084 3.6364869745729966 -4.0105734596355136 5.3222107413375594
PROP -3456.4073756521079 -3611.1084614334122 4792.1027840548577 6.5726282337132167 -2.283067315656595 3.0297326586528945
COE 6928.1369999999997 0.001 0.92502450355699462 3.1415926535897931 0 1.1283185307179586
RV -2965.2167093751623 -3766.2946881090897 4998.041862551624 6.8545986017144518 -1.9591302775407238 2.5998536896901725
PROP 726.99569447557667 -4146.873985744297 5503.0876486943544 7.5432253530210707 0.47438953921529453 -0.62953618144655044
COE 6928.1369999999997 0.001 0.92502450355699462 3.1415926535897931 0 1.7566370614359172
RV 1280.3669639456105 -4098.4172838354407 5438.7834333534065 7.4544865422384898 0.83889047513756176 -1.1132452609379877
PROP 4637.5659361698717 -3101.3186685574365 4115.5888793038448 5.6381625900469174 3.0490014450052505 -4.0461615787073644
COE 6928.1369999999997 0.001 0.92502450355699462 3.1415926535897931 0 2.3849555921538759
RV 5041.4467131779256 -2864.3286194735288 3801.0924618914828 5.207013992306103 3.3147399721038009 -4.3988085149985316
PROP 6782.2964165818776 -870.75477350260394 1155.5306130778827 1.5825328471425362 4.459800080801215 -5.9183546026895257
COE 6928.1369999999997 0.001 0.92502450355699462 3.1415926535897931 0 3.0132741228718345
RV 6877.9916707410075 -534.08071381283173 708.74904559264928 0.97063907720906906 4.5227278565462203 -6.0018625816280373
PROP 6337.3584580620618 1694.1628771813055 -2248.2300731449859 -3.0792141590247821 4.1671926865453921 -5.5300514753745071
COE 6928.1369999999997 0.001 0.92502450355699462 3.1415926535897931 0 3.6415926535897931
RV 6085.3465315744334 2000.6979125550231 -2655.0158044829077 -3.6364869745729957 4.0014438146058966 -5.3100952931777732
PROP 3469.1508992080526 3611.4949035158988 -4792.6156100192711 -6.5667639993809788 2.2800534341164953 -3.0257331027621301
COE 6928.1369999999997 0.001 0.92502450355699462 3.1415926535897931 0 4.2699111843077517
RV 2967.7570897723785 3769.5213734186514 -5002.3238185826767 -6.8545986017144518 1.9500006325111068 -2.5877382415303867
PROP -724.34105933575222 4146.1639802290438 -5502.1454395520204 -7.5435139268542368 -0.48187025322655519 0.63946342423721447
COE 6928.1369999999997 0.001 0.92502450355699462 3.1415926535897931 0 4.8982297150257104
RV -1279.8938972316846 4096.9030110907079 -5436.7739255489887 -7.4544865422384898 -0.84802012016717876 1.1253607090977733
PROP -4636.2962084988385 3094.4953687237221 -4106.5340545931549 -5.6332934819234071 -3.0613841111083344 4.0625939316373216
COE 6928.1369999999997 0.001 0.92502450355699462 3.1415926535897931 0 5.526548245743669
RV -5034.1202776565697 2860.1660605620773 -3795.5685596433514 -5.207013992306103 -3.3238696171334183 4.410923963158317
PROP -6771.7937230721163 861.24969492994478 -1142.9169477789364 -1.5683233085116428 -4.4707454781747114 5.9328796355946078
COE 6928.1369999999997 0.001 0.92502450355699462 3.1415926535897931 0 6.1548667764616276
RV -6864.3622999773334 533.02238393766697 -707.34459441224578 -0.97063907720906983 -4.5318575015758382 6.0139780297878236
PROP -6319.7645655990982 -1699.2120906424434 2254.9306057218473 3.0940387105076761 -4.1723478585398253 5.5368926196742887
COE 6928.1369999999997 0.001 0.92502450355699462 3.7699111843077517 0 0.60000000000000009
RV -3239.5182713616473 -5261.2612204567304 3121.6190456890331 5.6820811087817589 -0.53426806193408249 5.0057131525117038
PROP -64.167443062177597 -4744.8349835699319 5044.0117201746625 6.6997364242353932 2.5473919646079612 2.4910261891024112
COE 6928.1369999999997 0.001 0.92502450355699462 3.7699111843077517 0 1.2283185307179587
RV 426.00000252066377 -4543.2899145425799 5209.9716930190962 6.6838350713787786 2.9555954456630018 2.0403748602550147
PROP 3541.1817878321172 -2474.0117773609945 5418.2868530615078 5.4644266394331735 5.1131597754447933 -1.2271498803173413
COE 6928.1369999999997 0.001 0.92502450355699462 3.7699111843077517 0 1.8566370614359173
RV 3932.8148335685605 -2088.6515946655463 5310.0440426743053 5.1336160784163187 5.3151113422778318 -1.7020034341242223
PROP 5799.5937182482639 743.16303854958983 3725.9226842632588 2.1470716911953063 5.7282130565536482 -4.4750666975953353
COE 6928.1369999999997 0.001 0.92502450355699462 3.7699111843077517 0 2.484955592153876
RV 5940.1956805595155 1167.18374851006 3380.3652549063436 1.6235550952004059 5.6430247523992234 -4.7919604209329982
PROP 5846.3608673925428 3680.1371732179173 609.26111750877953 -1.9891350710904616 4.1573544246050504 -6.0149031647189526
COE 6928.1369999999997 0.001 0.92502450355699462 3.7699111843077517 0 3.1132741228718346
RV 5677.795372822151 3979.0873181096977 156.82368532238013 -2.5056238852653561 3.8140838987276919 -6.0492375549855719
PROP 3659.1508661260837 5212.7866298226645 -2742.2559221505207 -5.3670701554480118 0.99703256941314677 -5.2568239497241018
COE 6928.1369999999997 0.001 0.92502450355699462 3.7699111843077517 0 3.7415926535897932
RV 3244.8700679990275 5269.9530066265861 -3126.7760687129767 -5.6767148380746839 0.52688202395251182 -4.9935977043519175
PROP 72.715528469689488 4751.9669443319544 -5045.0009510356949 -6.6942661329631088 -2.5475609781909361 -2.4865778135730809
COE 6928.1369999999997 0.001 0.92502450355699462 3.7699111843077517 0 4.3699111843077514
RV -426.28621900105753 4546.3424132305445 -5213.4721149724382 -6.6784688006717037 -2.9629814836445703 -2.0282594120952311
PROP -3538.9996129809988 2473.6993593024995 -5416.2493061677324 -5.459636291029045 -5.1201433523631676 1.2383840161469075
COE 6928.1369999999997 0.001 0.92502450355699462 3.7699111843077517 0 4.99822971502571
RV -3930.5976329783848 2087.474076845785 -5307.0504024233669 -5.1282498077092464 -5.3224973802594011 1.7141188822840057
PROP -5793.2579400402465 -748.06817971783869 -3715.7144987239008 -2.1344213041148885 -5.7346621091504701 4.491857933882069
COE 6928.1369999999997 0.001 0.92502450355699462 3.7699111843077517 0 5.6265482457436686
RV -5930.7932680983795 -1165.3362768758575 -3375.0146587130366 -1.6181888244933351 -5.6504107903807963 4.8040758690927827
PROP -5831.0921093744291 -3680.4363974871117 -597.02997323780835 2.0073231619812377 -4.1566585565888587 6.0283431064731374
COE 6928.1369999999997 0.001 0.92502450355699462 3.7699111843077517 0 6.2548667764616273
RV -5666.4556701748825 -3971.1402780999638 -156.51047678934643 2.5109901559724275 -3.8214699367092657 6.0613530031453591
PROP -3642.5148247007178 -5205.646513856429 2747.566682071888 5.3808206996779813 -0.99245543108957868 5.2626355891405474
COE 6928.1369999999997 0.001 0.92502450355699462 4.3982297150257104 0 0.70000000000000007
RV 916.41214769885732 -5865.1228870371569 3561.7649331283446 4.8348267761766506 3.5669878077872283 4.639260659311315
PROP 3080.5324853672655 -3310.8918132700651 5245.652027436593 3.6043151729066856 6.3924618982857684 1.927569852901212
COE 6928.1369999999997 0.001 0.92502450355699462 4.3982297150257104 0 1.3283185307179588
RV 3334.5302075397412 -2832.1463964567783 5369.8975530350062 3.3221035612402892 6.6627078254399006 1.4605698064510346
PROP 4426.5158552284429 749.24302297677559 5279.4327374916766 0.9368698228662804 7.3031766683043724 -1.8124639543574688
COE 6928.1369999999997 0.001 0.92502450355699462 4.3982297150257104 0 1.9566370614359174
RV 4481.2520985668662 1286.4835025716193 5128.203801304714 0.542107968902107 7.2129611066750732 -2.2736952248276343
PROP 4085.1850351591247 4528.1458767985923 3298.990720945369 -2.086125836616274 5.4292282579907063 -4.8593028838288372
COE 6928.1369999999997 0.001 0.92502450355699462 4.3982297150257104 0 2.584955592153876
RV 3916.0834890979545 4917.792462780757 2925.7825295391031 -2.4432961731396063 5.0075696004820651 -5.1371721155764307
PROP 2183.6728980133912 6582.0563441187651 56.836096681825566 -4.312781252165526 1.483150218559556 -6.0513473922028176
COE 6928.1369999999997 0.001 0.92502450355699462 4.3982297150257104 0 3.2132741228718347
RV 1853.2592572456458 6671.0540107074867 -396.67329327365877 -4.4937859527796356 0.88891790372628365 -6.0361100195291826
PROP -553.43957324823202 6121.6278798254407 -3208.8466119836121 -4.8921085682704026 -3.0319767794306274 -4.9309527038913359
COE 6928.1369999999997 0.001 0.92502450355699462 4.3982297150257104 0 3.8415926535897933
RV -917.81504203462976 5874.1015411258168 -3567.2174796300314 -4.8261439677797719 -3.5698090232539905 -4.6271452111515288
PROP -3078.4896710666003 3320.0968666855088 -5246.8486052894432 -3.5997314358581729 -6.3908699325423139 -1.9224375753701557
COE 6928.1369999999997 0.001 0.92502450355699462 4.3982297150257104 0 4.4699111843077519
RV -3336.1318913556916 2833.5067689126504 -5372.4768902935393 -3.3134207528434101 -6.6655290409066632 -1.448454358291249
PROP -4423.9161800170805 -749.24360376193135 -5276.1514632126145 -0.92785990069662772 -7.3059424993949582 1.8249695390597709
COE 6928.1369999999997 0.001 0.92502450355699462 4.3982297150257104 0 5.0982297150257105
RV -4477.880434796245 -1285.5155610852403 -5124.3453754485236 -0.53342516050522815 -7.2157823221418358 2.2858106729874201
PROP -4076.0933349469601 -4527.437752153839 -3287.8065223063063 2.1007283682223026 -5.4254810670426625 4.8761960146566334
COE 6928.1369999999997 0.001 0.92502450355699462 4.3982297150257104 0 5.7265482457436692
RV -3909.4393333126609 -4909.4487746715977 -2920.8185508664665 2.4519789815364854 -5.0103908159488286 5.1492875637362161
PROP -2171.1257633330647 -6571.7045809242318 -45.245470304711667 4.3264140118989358 -1.4710199706209686 6.063578860163588
COE 6928.1369999999997 0.001 0.92502450355699462 4.3982297150257104 0 6.3548667764616278
RV -1849.5659409641892 -6657.7594258856934 395.88277250505064 4.5024687611765142 -0.89173911919304705 6.0482254676889697
PROP 561.63025670033198 -6106.0247229633451 3212.785496305632 4.8995493761657478 3.0427750195584733 4.935915571685638
COE 6928.1369999999997 0.001 0.92502450355699462 5.026548245743669 0 0.80000000000000004
RV 4333.1606090255209 -3663.8136665830798 3966.4041959062074 1.3475998032129899 6.1590907814213631 4.2265147339153621
PROP 4339.5528341936406 -199.75209995407221 5395.0120852837208 -1.3220388615525362 7.3486290857213126 1.3449832810701405
COE 6928.1369999999997 0.001 0.92502450355699462 5.026548245743669 0 1.4283185307179587
RV 4228.605459239463 339.70875044886827 5476.20778272588 -1.6993674659975826 7.3424665503601778 0.86623174871777486
PROP 2802.8693688619164 3780.7501821878668 5087.8941395636202 -3.8599244870926115 6.0767276987556356 -2.3796490862302244
COE 6928.1369999999997 0.001 0.92502450355699462 5.026548245743669 0 2.0566370614359171
RV 2507.9904601969906 4218.0742624359773 4895.0666512926737 -4.095575853727957 5.721808462529955 -2.8226084776516926
PROP 194.92532094289007 6323.2387059478124 2839.0441482056217 -4.9247860522075602 2.4885753753616378 -5.1950325036508103
COE 6928.1369999999997 0.001 0.92502450355699462 5.026548245743669 0 2.6849555921538757
RV -173.24248692216383 6487.8667169755372 2441.8920931385378 -4.925755199992718 1.9161528233394269 -5.4309943577877622
PROP -2490.049893959062 6453.5388114533498 -496.21524945878957 -4.1096054058207123 -2.0498328823547483 -6.0273051365913313
COE 6928.1369999999997 0.001 0.92502450355699462 5.026548245743669 0 3.3132741228718343
RV -2789.6286076856836 6278.2481791336495 -946.19501153197552 -3.8728052112768938 -2.620869262518331 -5.9626111412537632
PROP -4224.4833916609214 4117.1982249863486 -3643.3195953417162 -1.7227028877221047 -5.8073313566537239 -4.5556810260827332
COE 6928.1369999999997 0.001 0.92502450355699462 5.026548245743669 0 3.9415926535897929
RV -4339.2027027307176 3668.9224330215488 -3971.934890008436 -1.3389169948161117 -6.1562695659545987 -4.2143992857555768
PROP -4342.7232028010558 206.762216667187 -5396.1386859915547 1.3258206488855915 -7.3455783995754231 -1.3389592840531959
COE 6928.1369999999997 0.001 0.92502450355699462 5.026548245743669 0 4.5699111843077516
RV -4229.8065219124928 -339.80523887839615 -5477.7632053873185 1.7080502743944603 -7.3396453348934143 -0.85411630055799048
PROP -2799.6633733748586 -3779.3418252855631 -5083.2703317350297 3.8694750942305678 -6.0727354701728462 2.3933399868752891
COE 6928.1369999999997 0.001 0.92502450355699462 5.026548245743669 0 5.1982297150257102
RV -2505.6493312121493 -4214.1368248449144 -4890.4972629309759 4.1042586621248356 -5.7189872470631933 2.8347239258114785
PROP -187.89239447613431 -6315.7578747938469 -2827.1001947463697 4.9337808944761639 -2.4754519844467411 5.2117664780318282
COE 6928.1369999999997 0.001 0.92502450355699462 5.026548245743669 0 5.8265482457436688
RV 172.93178153146553 -6476.2309156261772 -2437.5126302808949 4.9344380083895976 -1.913331607872665 5.4431098059475493
PROP 2493.0716311289343 -6436.7032212429176 506.93289646790993 4.1124879482110295 2.067658084760601 6.0382529261948408
COE 6928.1369999999997 0.001 0.92502450355699462 5.026548245743669 0 6.4548667764616274
RV 2784.1367827841168 -6265.8884551211468 944.33227707630124 3.8814880196737747 2.6236904779850927 5.9747265894135513
PROP 4221.1991436070002 -4100.6535510637759 3645.9591935170297 1.7223635905089676 5.8189312866512317 4.5600096932524412
COE 6928.1369999999997 0.001 0.92502450355699462 5.6548667764616276 0 0.90000000000000002
RV 5400.4841337478565 110.86376670394344 4331.4950001730322 -3.1363141647957846 5.7916993664012546 3.7715993971747381
PROP 3119.3392884007144 2847.8525523048193 5490.5985076222469 -5.7583477170997304 4.8814051587730116 0.74907415614931228
COE 6928.1369999999997 0.001 0.92502450355699462 5.6548667764616276 0 1.5283185307179585
RV 2686.433471059765 3197.0513295047735 5527.8248885318317 -6.0143106806219926 4.6149008764157786 0.26329911646606241
PROP -565.26907075568568 4924.0644470639145 4845.5648207408985 -6.6661122037853238 2.1205511273277087 -2.9230558096825989
COE 6928.1369999999997 0.001 0.92502450355699462 5.6548667764616276 0 2.1566370614359172
RV -1057.5005715770383 5065.0251561144441 4612.9513702370468 -6.5940200688434798 1.676777714084535 -3.3432586328207825
PROP -4038.4385731632019 5123.6123203132647 2350.6672200703665 -5.03142081661764 -1.4477462878137655 -5.4788986986488588
COE 6928.1369999999997 0.001 0.92502450355699462 5.6548667764616276 0 2.7849555921538758
RV -4400.7972490046322 4998.3483692827294 1933.537551902303 -4.6540130467570435 -1.9004069357152671 -5.6704913728475423
PROP -5972.4124837447071 3366.4543831985402 -1044.3539805135363 -1.475209113717493 -4.4637673675612328 -5.9429974794416456
COE 6928.1369999999997 0.001 0.92502450355699462 5.6548667764616276 0 3.4132741228718344
RV -6062.8915762078632 3020.6040559051344 -1486.2347831390814 -0.93530635838623677 -4.7502901207944923 -5.8294752966555441
PROP -5623.9581906092353 321.78670311526196 -4041.3143186610364 2.6475882630101513 -5.7748727382352953 -4.1347489938112547
COE 6928.1369999999997 0.001 0.92502450355699462 5.6548667764616276 0 4.0415926535897935
RV -5407.2022993686251 -111.00168047752653 -4336.8833505645925 3.14168043550286 -5.7843133284196835 -3.7594839490149514
PROP -3124.5072066449798 -2844.8263122721246 -5491.3805968611568 5.7608556040114296 -4.8766251848184563 -0.74198617207931594
COE 6928.1369999999997 0.001 0.92502450355699462 5.6548667764616276 0 4.6699111843077521
RV -2686.6616396672262 -3197.3228667520953 -5528.2943868911634 6.0196769513290675 -4.6075148384342066 -0.25118366830627403
PROP 567.73950883388977 -4920.2598331716354 -4839.5531957428739 6.6711711113043641 -2.1104945189797037 2.9377986384023145
COE 6928.1369999999997 0.001 0.92502450355699462 5.6548667764616276 0 5.2982297150257107
RV 1056.3318333914883 -5059.4273451346326 -4607.853186312238 6.599386339550553 -1.6693916761029615 3.355374080980571
PROP 4038.6492341527123 -5112.1622262601468 -2338.2100591039407 5.0295440906849205 1.4643110800126262 5.4952188107491748
COE 6928.1369999999997 0.001 0.92502450355699462 5.6548667764616276 0 5.9265482457436693
RV 4392.5572057753743 -4988.989472631195 -1929.9172003815227 4.6593793174641167 1.9077929736968398 5.6826068210073295
PROP 5963.5881666254081 -3351.0574925113178 1054.000989591688 1.4664949227112094 4.4790777955744669 5.9526375623178662
COE 6928.1369999999997 0.001 0.92502450355699462 5.6548667764616276 0 6.554866776461628
RV 6051.2217959953459 -3014.7900338335885 1483.3740964443894 0.94067262909330862 4.7576761587760652 5.8415907448153295
PROP 5611.8097270814069 -311.59604167722296 4042.7790186218067 -2.6535926138968482 5.7828997543642258 4.1386833148612618
