EPOCH 0
POS 0 6921.2088629999998 0 0
POS 1 5600.4441129138986 2448.7617523494055 3249.6166028373987
POS 2 2140.2485582691011 3964.1602235235969 5260.6182967005952
POS 3 -2141.5717134999359 3966.6109665998442 5263.8705426090519
POS 4 -5609.513158852973 2452.7271401611865 3254.8788501987397
POS 5 -6935.0651369999987 5.1112181944329982e-13 6.7828156370943308e-13
POS 6 -5609.5131588529748 -2452.7271401611856 -3254.8788501987387
POS 7 -2141.5717134999377 -3966.6109665998438 -5263.870542609051
POS 8 2140.2485582690997 -3964.1602235235973 -5260.6182967005961
POS 9 5600.4441129138977 -2448.7617523494059 -3249.6166028373996
POS 10 5327.0070133908794 4384.2998861922433 551.83427781884404
POS 11 2549.807106977119 5280.3867770838888 3680.1389701025942
POS 12 -1203.2981426677245 4160.6749709073274 5405.5016509431225
POS 13 -4500.9123501415907 1449.8001956729961 5067.2979562660057
POS 14 -6081.3968436610567 -1818.2475774224877 2791.5213084438215
POS 15 -5337.618360058591 -4393.0333693415314 -552.9335263856924
POS 16 -2553.6157642605604 -5288.2741123661908 -3685.6360087037506
POS 17 1203.8097156124695 -4162.4438498505733 -5407.7997583691713
POS 18 4497.2912892718496 -1448.6338066502656 -5063.2212285012101
POS 19 6070.9014396816383 1815.1096070926023 -2786.7036416145652
POS 20 1309.1507877589347 6707.0995412810662 1098.1711976683157
POS 21 -1473.1794907460203 5400.6143673083825 4073.9726280966738
POS 22 -3695.2790216133944 2030.3815308664014 5496.4094354903127
POS 23 -4507.8095652790989 -2119.7077335895265 4820.0337427602853
POS 24 -3597.77479920838 -5463.6553062571456 2300.1997344090369
POS 25 -1311.7194150495668 -6720.2592468580042 -1100.3258711669635
POS 26 1475.1729178461296 -5407.922187641655 -4079.485308318579
POS 27 3696.1209868280748 -2030.8441510397408 -5497.6617862663315
POS 28 4503.3778363732063 2117.6238012718545 -4815.2950592476318
POS 29 3591.2352054044686 5453.724143696506 -2296.0187134251196
POS 30 -3214.0703174313776 5908.3513620922804 1633.5676776352541
POS 31 -4454.8645691473594 2914.747349297475 4427.1827774035028
POS 32 -3995.2438544250772 -1194.9927925008776 5532.4177242611604
POS 33 -2008.1552818724908 -4852.8567054249224 4524.5385640684763
POS 34 748.61801109974954 -6658.8556234094121 1785.8327652366604
POS 35 3220.2172271041982 -5919.651084422906 -1636.6918759156713
POS 36 4460.2063105514571 -2918.2423661170801 -4432.4913261098645
POS 37 3995.356991682364 1195.0266322893706 -5532.5743911857062
POS 38 2005.8421290467886 4847.2667994538979 -4519.3268410214841
POS 39 -747.20208892260541 6646.2611877803074 -1782.4550743723253
POS 40 -6111.2591873950369 2434.9806864414695 2152.6886714502812
POS 41 -4989.9411464446748 -786.13544828595593 4736.2372383833972
POS 42 -1961.342729153255 -3710.1921009845628 5513.1503737692547
POS 43 1820.4625058988061 -5219.579670549123 4183.7578116917357
POS 44 4909.5976715675515 -4734.6634732527209 1253.5717993182216
POS 45 6122.5272508923053 -2439.4703531612258 -2156.6578424338609
POS 46 4995.0960181208929 786.94756755492517 -4741.1300205777115
POS 47 1961.006445166068 3709.5559662721571 -5512.205111035677
POS 48 -1818.0793252123417 5212.7466808984082 -4178.280823958472
POS 49 -4900.042607584759 4725.4488663846432 -1251.1320966071653
POS 50 -6074.6751086307795 -1997.1894363332374 2650.3598992810084
POS 51 -2965.2167093751623 -3766.2946881090897 4998.041862551624
POS 52 1280.3669639456105 -4098.4172838354407 5438.7834333534065
POS 53 5041.4467131779256 -2864.3286194735288 3801.0924618914828
POS 54 6877.9916707410075 -534.08071381283173 708.74904559264928
POS 55 6085.3465315744334 2000.6979125550231 -2655.0158044829077
POS 56 2967.7570897723785 3769.5213734186514 -5002.3238185826767
POS 57 -1279.8938972316846 4096.9030110907079 -5436.7739255489887
POS 58 -5034.1202776565697 2860.1660605620773 -3795.5685596433514
POS 59 -6864.3622999773334 533.02238393766697 -707.34459441224578
POS 60 -3239.5182713616473 -5261.2612204567304 3121.6190456890331
POS 61 426.00000252066377 -4543.2899145425799 5209.9716930190962
POS 62 3932.8148335685605 -2088.6515946655463 5310.0440426743053
POS 63 5940.1956805595155 1167.18374851006 3380.3652549063436
POS 64 5677.795372822151 3979.0873181096977 156.82368532238013
POS 65 3244.8700679990275 5269.9530066265861 -3126.7760687129767
POS 66 -426.28621900105753 4546.3424132305445 -5213.4721149724382
POS 67 -3930.5976329783848 2087.474076845785 -5307.0504024233669
POS 68 -5930.7932680983795 -1165.3362768758575 -3375.0146587130366
POS 69 -5666.4556701748825 -3971.1402780999638 -156.51047678934643
POS 70 916.41214769885732 -5865.1228870371569 3561.7649331283446
POS 71 3334.5302075397412 -2832.1463964567783 5369.8975530350062
POS 72 4481.2520985668662 1286.4835025716193 5128.203801304714
POS 73 3916.0834890979545 4917.792462780757 2925.7825295391031
POS 74 1853.2592572456458 6671.0540107074867 -396.67329327365877
POS 75 -917.81504203462976 5874.1015411258168 -3567.2174796300314
POS 76 -3336.1318913556916 2833.5067689126504 -5372.4768902935393
POS 77 -4477.880434796245 -1285.5155610852403 -5124.3453754485236
POS 78 -3909.4393333126609 -4909.4487746715977 -2920.8185508664665
POS 79 -1849.5659409641892 -6657.7594258856934 395.88277250505064
POS 80 4333.1606090255209 -3663.8136665830798 3966.4041959062074
POS 81 4228.605459239463 339.70875044886827 5476.20778272588
POS 82 2507.9904601969906 4218.0742624359773 4895.0666512926737
POS 83 -173.24248692216383 6487.8667169755372 2441.8920931385378
POS 84 -2789.6286076856836 6278.2481791336495 -946.19501153197552
POS 85 -4339.2027027307176 3668.9224330215488 -3971.934890008436
POS 86 -4229.8065219124928 -339.80523887839615 -5477.7632053873185
POS 87 -2505.6493312121493 -4214.1368248449144 -4890.4972629309759
POS 88 172.93178153146553 -6476.2309156261772 -2437.5126302808949
POS 89 2784.1367827841168 -6265.8884551211468 944.33227707630124
POS 90 5400.4841337478565 110.86376670394344 4331.4950001730322
POS 91 2686.433471059765 3197.0513295047735 5527.8248885318317
POS 92 -1057.5005715770383 5065.0251561144441 4612.9513702370468
POS 93 -4400.7972490046322 4998.3483692827294 1933.537551902303
POS 94 -6062.8915762078632 3020.6040559051344 -1486.2347831390814
POS 95 -5407.2022993686251 -111.00168047752653 -4336.8833505645925
POS 96 -2686.6616396672262 -3197.3228667520953 -5528.2943868911634
POS 97 1056.3318333914883 -5059.4273451346326 -4607.853186312238
POS 98 4392.5572057753743 -4988.989472631195 -1929.9172003815227
POS 99 6051.2217959953459 -3014.7900338335885 1483.3740964443894
NEDGES 122
EDGE 0 54 888.50162869972598 0.0039637224185930858 633.36425249395631 0.0015788702884041315
EDGE 1 63 1332.2794442834961 0.0054440058738352125 281.69513713914796 0.003549937035320683
EDGE 1 72 2476.4029068651084 0.0092603909497453347 100 0.012265142714259918
EDGE 2 11 2097.1660513466009 0.0079953929639771035 113.68531428687594 0.0087962108938413868
EDGE 2 82 577.35123716051589 0.002925836430349812 1499.994970288363 0.00066666890210155658
EDGE 2 91 978.86330861923341 0.004265136538622441 521.82622897103852 0.0019163467539219849
EDGE 3 12 968.54401156479241 0.004230715068771985 533.00500092350921 0.0018761550046760417
EDGE 3 21 1979.6390993417156 0.0076033652499080404 127.58451252603211 0.0078379419272849582
EDGE 3 22 2493.4043321908821 0.0093171016003040404 100 0.012434130327576518
EDGE 3 92 1674.9387276669217 0.0065869942120656078 178.22644954498813 0.0056108394828769731
EDGE 4 13 2349.4086969051632 0.0088367838623384029 100 0.011039442450187235
EDGE 4 31 1709.0852925173783 0.006700894892150284 171.17586476747391 0.0058419450741984263
EDGE 4 40 1211.1511895328836 0.0050399655068470188 340.85783737719993 0.0029337744078138375
EDGE 5 59 888.50893534385591 0.003963746790934467 633.35383560790081 0.0015788962563717446
EDGE 6 68 1332.3020513211954 0.0054440812827959654 281.68557738721512 0.0035500575119093302
EDGE 6 77 2477.4746379154967 0.0092639658597265216 100 0.012275761163029045
EDGE 7 16 2099.3803882706679 0.0080027791969025062 113.44561991846383 0.0088147960293110013
EDGE 7 87 577.26005248632964 0.0029255322710164031 1500.4688896415207 0.00066645833639304014
EDGE 7 96 979.20742317516692 0.0042662843812273851 521.45953148738329 0.0019176943552027008
EDGE 8 17 968.45055896744827 0.0042304033444612154 533.1078726799758 0.0018757929703287258
EDGE 8 26 1980.3659643516119 0.0076057898106016127 127.490873571631 0.0078436987055245811
EDGE 8 27 2492.9179019815133 0.0093154790437773895 100 0.012429279332039817
EDGE 8 97 1673.4956897141551 0.0065821807555750955 178.53394769694643 0.0056011756469837113
EDGE 9 18 2346.5642540333256 0.0088272958222095285 100 0.011012727596613954
EDGE 9 36 1708.7266907252636 0.0066996987253270515 171.24771992532547 0.0058394938071938216
EDGE 9 45 1211.2869127515146 0.0050404182307732196 340.78145624820542 0.0029344319700061912
EDGE 10 64 665.79506353602699 0.0032208532795579103 1127.9474395500283 0.00088656613325788442
EDGE 11 73 1602.2607242661156 0.0063445664876136268 194.76173295107193 0.0051344788570515552
EDGE 11 82 1614.4057052821038 0.0063850777836515953 191.84241680218136 0.0052126115624948144
EDGE 12 21 1839.3627123192396 0.0071354535887598602 147.78666470436795 0.0067665103749407806
EDGE 12 92 1211.2977076950858 0.00504045423882907 340.77538226626888 0.0029344842733347396
EDGE 13 22 1081.7839009767388 0.0046084426812923324 427.25679296069075 0.0023405128168249014
EDGE 13 31 1599.3554962099981 0.0063348756899347953 195.46994468330709 0.0051158760065142589
EDGE 13 41 2312.6086064149995 0.0087140319734627866 100 0.010696317132929452
EDGE 14 41 2457.325992671219 0.0091967572135227618 100 0.012076902068515184
EDGE 14 50 228.01735466644425 0.0017605840259878863 2000 0.00050000000000000001
EDGE 15 69 665.79200296575414 0.0032208430705943716 1127.9578096665878 0.00088655798242630139
EDGE 16 78 1602.0961053224255 0.0063440173779235817 194.80175941120368 0.0051334238613785681
EDGE 16 87 1614.856753114949 0.0063865823172741358 191.73526423678038 0.0052155246661619121
EDGE 17 26 1840.9979781755735 0.0071409082485176245 147.52423839232367 0.0067785471112930982
EDGE 17 97 1210.8854754691015 0.0050390791801343503 341.00744798909852 0.0029324872694040643
EDGE 18 27 1081.4718382201318 0.0046074017519818055 427.50340163684513 0.0023391626737264619
EDGE 18 36 1599.6702233508674 0.0063359255066745791 195.39303677557547 0.0051178896469508284
EDGE 18 46 2312.8718890114205 0.0087149101896733527 100 0.010698752749958514
EDGE 19 46 2456.4724617615329 0.0091939101408666304 100 0.012068513910785532
EDGE 19 55 228.02053910255111 0.0017605946481233732 2000 0.00050000000000000001
EDGE 20 74 1591.1987176154564 0.006307667605218596 197.47911129514952 0.0050638267178821457
EDGE 20 83 2012.7440714099807 0.0077137915504531503 123.42208879956561 0.0081022773939920523
EDGE 21 83 2352.7942447984119 0.0088480768345360165 100 0.01107128151671306
EDGE 21 92 758.8854768609566 0.0035313694744814315 868.19548124891435 0.001151814333980963
EDGE 22 31 1581.8719136501616 0.0062765567359608547 199.81467179637951 0.0050046375023904488
EDGE 23 32 1274.877353832482 0.0052525331101974625 307.63319151342063 0.0032506245346298228
EDGE 23 41 1420.5237610940521 0.0057383572307681341 247.78385148268453 0.0040357755116655833
EDGE 23 51 2263.3002912984216 0.0085495571382867199 100 0.010245056417183042
EDGE 24 60 918.71692629203585 0.0040645098026183026 592.38843138339053 0.0016880815813109719
EDGE 25 79 1591.1710839689263 0.0063075754292955775 197.48597053913613 0.0050636508369176951
EDGE 25 88 2012.9101894279586 0.0077143456605167785 123.40171850498358 0.0081036148614058012
EDGE 26 88 2352.2733240038792 0.008846339229801034 100 0.011066379581640516
EDGE 26 97 758.97900087990342 0.0035316814370290246 867.98153032840673 0.0011520982475533128
EDGE 27 36 1583.0003421483691 0.0062803207682708591 199.52990090976107 0.0050117801664837074
EDGE 28 37 1274.2685568122683 0.005250502381925393 307.92721259463292 0.0032475207097608424
EDGE 28 46 1420.5585036179375 0.0057384731193535817 247.77173155789981 0.0040359729244024674
EDGE 28 56 2263.1562966515971 0.0085490768238459074 100 0.010243752846147544
EDGE 29 65 918.63944101847505 0.0040642513395666383 592.48836899427897 0.0016877968451894725
EDGE 30 93 1525.2567595363741 0.0060877089093961606 214.92359069174211 0.0046528163650228016
EDGE 32 41 1338.0920733500182 0.0054633947173881817 279.25310345376863 0.0035809807935243002
EDGE 33 42 1511.6967697302205 0.006042477652090302 218.79663287451936 0.0045704542472255662
EDGE 33 51 1523.4135903166034 0.0060815607586652614 215.44397490460997 0.0046415779343226479
EDGE 33 60 1910.8197808354528 0.0073738087128110905 136.94007059592013 0.0073024644696640974
EDGE 34 70 1952.4603949935797 0.0075127068506626003 131.1612473247153 0.0076242031880369701
EDGE 34 89 2237.383055448051 0.0084631065450220602 100 0.010011765873612114
EDGE 35 98 1525.2846134940137 0.0060878018201979377 214.91574111681433 0.0046529863043231652
EDGE 37 46 1338.802015170982 0.0054657628283997124 278.95701652012423 0.0035847816716517654
EDGE 38 47 1510.6963419411986 0.0060391405841877408 219.08651602758599 0.0045644068751090382
EDGE 38 56 1523.1879973728967 0.0060808082616037552 215.50779662556945 0.0046402033506817101
EDGE 38 65 1911.295769025633 0.0073753964385109153 136.87187210880683 0.0073061030333905728
EDGE 39 75 1952.1055665389786 0.0075115232703385042 131.20893324210144 0.0076214322858249306
EDGE 39 84 2237.4696761702889 0.0084633954806504486 100 0.010012541103563158
EDGE 42 51 1129.7111342186033 0.0047683107232090651 391.77361695588144 0.0025524944935549666
EDGE 43 52 1767.4268309739161 0.0068955013170275163 160.06158643069091 0.0062475952056929981
EDGE 43 61 1858.7652992338733 0.0072001736522466931 144.71744686739851 0.0069100168752719814
EDGE 43 70 1273.1489447424233 0.0052467677580548856 308.46903547636816 0.0032418164709974917
EDGE 44 99 2077.0362021061133 0.0079282470144933174 115.8995825980372 0.0086281587697187734
EDGE 47 56 1130.0980678078379 0.0047696013947350138 391.50538462343872 0.0025542432857260165
EDGE 48 57 1765.9432428851042 0.006890552599842603 160.33063835262408 0.0062371110741831172
EDGE 48 66 1858.1721415020618 0.0071981950910254781 144.80985377782571 0.0069056074149087153
EDGE 48 75 1273.2888287791395 0.0052472343609762844 308.4012621280491 0.0032425288829875058
EDGE 49 94 2077.0139202377181 0.0079281726901806113 115.90206931521655 0.0086279736497225073
EDGE 51 60 2414.7730467665683 0.0090548158645357528 100 0.011662257734780591
EDGE 52 61 990.05523827794718 0.0043024687975237435 510.09510093779477 0.0019604187496832055
EDGE 52 71 2414.0782622075753 0.0090524983127079732 100 0.011655547712126294
EDGE 53 62 2026.7398363993677 0.0077604763973060584 121.72337815467873 0.0082153487288962723
EDGE 53 71 2318.566166124273 0.0087339042536029136 100 0.010751498133392419
EDGE 53 80 1080.8207600199523 0.0046052299888743441 428.01860635902938 0.0023363470305802145
EDGE 56 65 2417.8019047626644 0.0090649190473052685 100 0.011691532101347936
EDGE 57 66 990.20479858303099 0.0043029676770021709 509.94102328109835 0.001961011086273722
EDGE 57 76 2414.2118510957976 0.0090529439172742539 100 0.011656837723942794
EDGE 58 67 2024.695653689864 0.007753657737746905 121.96929208683453 0.00819878498014125
EDGE 58 76 2317.4371968012147 0.0087301384172953911 100 0.010741030322235742
EDGE 58 85 1080.7878554189424 0.0046051202309397073 428.04466882038457 0.0023362047768421537
EDGE 61 70 2168.9472106673543 0.0082348291385881175 106.28501553825315 0.0094086640053233934
EDGE 62 71 956.19634842197866 0.0041895276979315426 546.85960272794659 0.0018286229134710523
EDGE 62 80 2108.7390380406887 0.0080339962923306387 112.44090394215547 0.0088935606611135389
EDGE 62 81 2451.945441576323 0.0091788096269463972 100 0.012024072896933819
EDGE 63 72 2279.843940060955 0.008604740810594225 100 0.01039537678206532
EDGE 63 90 1520.4434386243324 0.0060716533990469246 216.28652686897661 0.004623496500111568
EDGE 66 75 2171.3358123441762 0.0082427966561592972 106.05130417288215 0.0094293984199366881
EDGE 67 76 956.15632660699305 0.0041893941995265038 546.90538346752226 0.0018284698418211576
EDGE 67 85 2109.6138124712111 0.0080369142257448352 112.34767357551799 0.0089009408755386359
EDGE 67 86 2451.6022713432621 0.0091776649342634985 100 0.012020707393710885
EDGE 68 77 2277.1817490137691 0.0085958606971152339 100 0.010371113436082817
EDGE 68 95 1520.1843059517544 0.0060707890254922776 216.3602701413501 0.0046219206481240352
EDGE 71 80 1912.7798437027848 0.0073803467787798213 136.65956405959781 0.0073174534609513012
EDGE 72 81 1039.8651483271813 0.0044686167732984842 462.39801247589168 0.0021626390534110213
EDGE 72 90 1691.6897504167989 0.0066428696095376721 174.71434657145574 0.0057236284233305014
EDGE 76 85 1914.5726100186598 0.0073863268035203869 136.40375348750621 0.0073311765580673267
EDGE 77 86 1039.6214899186507 0.0044678040163326944 462.61478438364372 0.0021616256846013508
EDGE 77 95 1692.1047320856876 0.0066442538393867391 174.62866114172601 0.0057264368486935543
EDGE 81 90 1654.0970373266036 0.0065174738162579252 182.74606607107421 0.0054720740177852953
EDGE 82 91 1214.3775049346132 0.0050507273366250365 339.04908508367458 0.0029494254489824327
EDGE 86 95 1655.3606036899496 0.0065216886199650484 182.46718586568633 0.0054804374564975077
EDGE 87 96 1213.8621225314298 0.0050490082059750476 339.33705358458235 0.0029469225050330157
EPOCH 50
POS 0 6662.8075451050836 1128.0949501490541 1497.032561891436
POS 1 4290.7977639779265 3270.2766154049955 4339.8036477395208
POS 2 279.50932467467692 4165.8898266666311 5528.322521919099
POS 3 -3843.0050324543822 3471.9857247323625 4607.4806767460723
POS 4 -6502.0091120048401 1450.9858312815977 1925.5232336468302
POS 5 -6677.6761986927222 -1125.9248346454488 -1494.1527213500599
POS 6 -4300.4034591366744 -3272.2981393462742 -4342.4863006175765
POS 7 -280.86457172188921 -4166.194332457123 -5528.7266147515165
POS 8 3841.4858886897068 -3467.0374189336399 -4600.9140531600797
POS 9 6492.1382262145808 -1444.5081232174448 -1916.9270247043276
POS 10 4317.1188586092358 5018.82762433669 2020.7947157007263
POS 11 951.26785378432157 5032.1232152642979 4660.4911525909865
POS 12 -2780.3569074932375 3124.8384951884686 5523.5589710529066
POS 13 -5454.6605973377091 22.205013324429856 4278.5693847387984
POS 14 -6047.8806893031469 -3092.1986361190134 1397.6619594172973
POS 15 -4329.7604671228873 -5026.4250909549301 -2019.0906953440513
POS 16 -956.57224212459892 -5038.6899556901853 -4663.4037019470015
POS 17 2779.5667205509208 -3124.8261229388695 -5522.9293286385828
POS 18 5449.3231264187389 -19.157250085770556 -4271.1339805433763
POS 19 6035.2186362299744 3090.5432629319412 -1389.5625496683174
POS 20 93.79629937599924 6444.5560808780738 2524.3998996599171
POS 21 -2570.361571757961 4122.8017755208757 4934.7156114720083
POS 22 -4255.8085087513819 225.37855534723877 5463.656147240803
POS 23 -4318.0959003357984 -3762.6590851591523 3906.8566378837422
POS 24 -2730.6009110089899 -6317.0753722842301 855.77424067369736
POS 25 -98.608396357126665 -6457.9530139040135 -2523.8203842112675
POS 26 2570.3843315199879 -4129.820800460493 -4937.6226939964426
POS 27 4254.4932147885538 -225.14079804574982 -5461.8986224279324
POS 28 4311.1187896367483 3761.0038790676972 -3898.7296298967885
POS 29 2721.4626544361163 6306.9934641333957 -848.37527903834837
POS 30 -3948.1046988519256 4828.4519623091301 3002.8330252798446
POS 31 -4468.7693001142707 1171.1700411368934 5159.7370038007339
POS 32 -3284.1694632828139 -2936.6583994869115 5349.1957481194577
POS 33 -843.97381019914849 -5927.8063771585221 3496.0461048801326
POS 34 1921.00246611023 -6656.690824020392 305.28490647418971
POS 35 3952.595968507836 -4841.1801403039117 -3003.2818689491642
POS 36 4472.2923210470262 -1175.5104576069689 -5162.4034741925452
POS 37 3282.0719569950461 2935.957711061918 -5346.261158817294
POS 38 839.37087250621641 5920.967409036245 -3487.4322419994883
POS 39 -1921.5333176581221 6642.4184554952963 -298.76211723647788
POS 40 -5904.0016724922616 1074.7884275205975 3451.3290838587877
POS 41 -3849.0965858055238 -2171.1412733768652 5333.3034234084607
POS 42 -322.77065799422508 -4591.5879313308005 5181.3038490373165
POS 43 3330.9373864198997 -5261.1910052918429 3050.2351643825918
POS 44 5714.915042941825 -3920.8581295118024 -248.29263542790855
POS 45 5914.7215011203562 -1081.3286484604978 -3452.6691433903002
POS 46 3853.1888289813219 2170.217546063715 -5335.5037288713493
POS 47 321.07160008190311 4588.9904921592179 -5177.189938940367
POS 48 -3329.5880858995843 5251.942662752519 -3041.358604915552
POS 49 -5705.8904462796463 3909.1730104672743 253.79845821770218
POS 50 -4950.2045622648993 -2912.8030068475232 3865.4201466373661
POS 51 -1162.411330208663 -4109.6379194101082 5453.6737196880604
POS 52 3073.2065550551738 -3738.8641823869739 4961.6403519786527
POS 53 6139.8210861564849 -1939.5533716721491 2573.8742581339297
POS 54 6862.3738393522935 602.40015754425463 -799.41200961242282
POS 55 4961.5427666299302 2914.3542748462542 -3867.478748802027
POS 56 1165.0451037764994 4110.788726286899 -5455.2008919945865
POS 57 -3072.6297457425712 3734.9091754606725 -4956.3918805176418
POS 58 -6131.8111232430165 1932.843255585206 -2564.9696333282764
POS 59 -6847.7129641626943 -605.70720904123721 803.80061517632646
POS 60 -1715.8416538197146 -5196.8669513806844 4240.9794776528488
POS 61 2060.2914647778307 -3644.34186066965 5519.6351694305695
POS 62 5054.0377272915684 -698.71888365284906 4692.38310286468
POS 63 6120.4837393283697 2517.0980957529514 2071.7225827227526
POS 64 4848.4331892300379 4773.1029945071232 -1342.5498980005834
POS 65 1722.7944679612933 5204.3177038831845 -4243.5553032101461
POS 66 -2059.2909464636882 3645.696486092555 -5520.3090760712057
POS 67 -5050.2186891776382 695.63196079136469 -4686.0900607983203
POS 68 -6108.9704623421303 -2516.8339231935238 -2063.0256427658187
POS 69 -4834.9831289975536 -4766.3261773875274 1345.7655755345988
POS 70 2075.8692561034859 -4765.7085403637666 4574.2623395548289
POS 71 4030.5404551633928 -1081.7235521325283 5530.5159919589814
POS 72 4448.5118408440076 3019.5032210099425 4376.2068079111623
POS 73 3167.4505268200915 5971.5794446126574 1548.8005562044784
POS 74 674.96279899580259 6642.9301276353735 -1872.2618947511971
POS 75 -2075.2790915631977 4774.5262306898821 -4577.133449238182
POS 76 -4030.0567970505826 1082.4184121428282 -5530.1905174320891
POS 77 -4442.6616341383869 -3019.0702896744237 -4369.0008296960077
POS 78 -3158.1770996656028 -5963.1855629690817 -1540.5387716036519
POS 79 -668.94025705515651 -6629.354176044515 1874.2956944510554
POS 80 4504.2616357428979 -2006.5901728241045 4861.9431016572162
POS 81 3651.6173119657378 2139.8440889042176 5486.1925667859332
POS 82 1403.6038886246636 5474.0033204951005 4016.256932676205
POS 83 -1382.9756082797719 6720.1268846039766 1010.3395336578843
POS 84 -3642.2765467070453 5398.1254226597703 -2383.2376062214121
POS 85 -4508.5536486151386 2012.6481308974164 -4864.8757842086598
POS 86 -3650.6780052737831 -2139.2450948551605 -5484.7614377372311
POS 87 -1398.9477669277544 -5468.9447443785739 -4008.3060486393711
POS 88 1384.6975300818247 -6706.8531657059484 -1002.7230266964322
POS 89 3638.4682143282985 -5384.2340502594816 2384.127696085252
POS 90 4424.8165676331446 1536.6167107840338 5101.1482917444537
POS 91 1101.5675791657127 4217.4383044908445 5387.0912616610849
POS 92 -2646.2485336116761 5290.8243879991041 3616.1188196327312
POS 93 -5386.5227233161195 4343.6128171541959 461.72927889063044
POS 94 -6068.7577506889274 1735.6361101477471 -2870.3544173575619
POS 95 -4430.5858790756192 -1534.9940666723351 -5103.9063812528229
POS 96 -1100.4440449914982 -4215.8337972926956 -5384.4922836465939
POS 97 2646.2206076243556 -5282.8886290175979 -3607.6207571580776
POS 98 5378.8903061207811 -4331.7459871347319 -454.94244669505724
POS 99 6057.5769600657632 -1727.6710014500516 2870.1845615406287
NEDGES 132
EDGE 0 54 2364.2841180283108 0.0088864029262147454 100 0.011179678781521818
EDGE 0 63 1598.0342514642041 0.0063304684918531343 195.79330496487611 0.0051074269377055191
EDGE 1 72 298.47314024652053 0.0019955992296728179 2000 0.00050000000000000001
EDGE 1 81 1732.2346552698452 0.006778112854559688 166.63129079265116 0.0060012738018356783
EDGE 1 90 1898.2053028001308 0.0073317313432885991 138.76618213325972 0.007206366743157072
EDGE 2 11 1398.1241327374535 0.0056636401131126973 255.7870423600298 0.0039095021810857129
EDGE 2 82 2293.7070099754451 0.0086509830343211823 100 0.010522183695220993
EDGE 2 91 835.69329793705356 0.00378757278789533 715.93923914844072 0.001396766576433818
EDGE 3 12 1445.3136952798714 0.0058210475504352792 239.35679913443022 0.0041778633555271142
EDGE 3 21 1466.3784001827112 0.0058913118427505982 232.52941268658716 0.004300531225044815
EDGE 3 30 2103.7919761513081 0.0080174946701004335 112.97033473168085 0.0088518813578372518
EDGE 3 31 2447.5131826674005 0.0091640252026200103 100 0.011980641558661418
EDGE 3 92 2392.3207419272635 0.0089799230370473937 100 0.011446397064510823
EDGE 4 40 1681.4341726187026 0.0066086606842481101 176.85211795588276 0.0056544417536998817
EDGE 4 59 2368.0707439385101 0.0088990337506706409 100 0.011215518096594976
EDGE 5 59 2362.2295435570027 0.0088795496034693548 100 0.011160256832907051
EDGE 5 68 1606.7578249019998 0.0063595672006598646 193.67303447070901 0.0051633414157676106
EDGE 6 77 291.65862314784749 0.0019728684473705057 2000 0.00050000000000000001
EDGE 6 86 1735.1498079156299 0.0067878367571062442 166.07186059575051 0.0060214897118192959
EDGE 6 95 1901.2978311104234 0.0073420469073655729 138.31513302840446 0.0072298668851703994
EDGE 7 16 1402.3598724387393 0.0056777690199222401 254.24419860153847 0.0039332264236527949
EDGE 7 87 2293.2394914225692 0.0086494235602903972 100 0.010517894730040087
EDGE 7 96 833.6534842147164 0.0037807687017086884 719.44709791912692 0.0013899562634866729
EDGE 8 17 1447.3745399801296 0.0058279217884131349 238.67566788483543 0.004189786117965384
EDGE 8 26 1472.5330856321448 0.0059118416635822934 230.58968779042161 0.0043367073765626513
EDGE 8 35 2110.2232736273731 0.0080389471693359717 112.28278787728023 0.0089060845291172568
EDGE 8 36 2442.188145807319 0.0091462627915987089 100 0.011928565879043581
EDGE 8 97 2390.1059142151271 0.0089725351670292101 100 0.011425212562332256
EDGE 9 45 1680.4205605768311 0.006605279638411822 177.06553298340913 0.0056476265208187017
EDGE 9 54 2361.3021255320409 0.0088764560699256846 100 0.01115149545608427
EDGE 10 73 1565.9667272188681 0.0062235027447517313 203.89423381590808 0.004904503581513146
EDGE 11 82 902.72013709846715 0.00401115025748402 613.5694722946406 0.0016298072918461506
EDGE 11 91 1101.9297753452122 0.0046756420848492863 411.77707815841529 0.0024284984595846996
EDGE 12 21 1177.6099745012816 0.0049280840564083894 360.5512896019751 0.0027735305040898182
EDGE 13 22 1697.9271047790526 0.0066636751841804261 173.43307404273645 0.0057659129062867529
EDGE 13 31 1751.730189829555 0.0068431429580178265 162.94295000779181 0.006137117315920578
EDGE 13 40 1412.1493409204143 0.0057104231718878478 250.73141348778006 0.0039883315221239208
EDGE 14 69 2067.9740692013334 0.007898018992863836 116.91758249188341 0.0085530335017782438
EDGE 15 78 1574.5284095710576 0.0062520614430235525 201.68286501547828 0.0049582794250927287
EDGE 16 87 899.98234621759195 0.0040020179701038116 617.30816776659572 0.0016199364470066435
EDGE 16 96 1103.5216788674234 0.0046809521034295778 410.5899033422628 0.0024355201914607531
EDGE 17 26 1181.6748411824585 0.004941642992174468 358.07502098405848 0.0027927108605671773
EDGE 18 27 1699.4022984916878 0.0066685959007403983 173.13210194874216 0.0057759363442376624
EDGE 18 36 1756.7308403678426 0.006859823332739887 162.01661455401884 0.0061722064909990118
EDGE 18 45 1419.3972017572255 0.0057345994333093779 248.1773339940566 0.0040293768327124843
EDGE 19 64 2059.5332327850451 0.0078698633932446881 117.87790156041834 0.0084833542738920378
EDGE 20 82 2209.7977256981167 0.0083710917894342651 102.39174861299048 0.0097664119770011389
EDGE 20 83 2132.8791168290845 0.0081145189277212725 109.91007905366247 0.0090983466540112325
EDGE 21 30 2475.5380500411375 0.0092575060979056961 100 0.012256577274402955
EDGE 21 92 1763.1599909505339 0.0068812686707099687 160.83722059152032 0.006217466307377374
EDGE 22 31 1015.9924601095501 0.0043889860568458667 484.38315808736269 0.0020644813579989117
EDGE 22 41 2434.2788891876457 0.0091198803513183983 100 0.011851427420689278
EDGE 23 32 1957.4532226553069 0.0075293611310772437 130.49300113464091 0.0076632462377672931
EDGE 23 41 2188.0675798941743 0.0082986078251981055 104.43559410495718 0.0095752794683678991
EDGE 23 50 1059.9687246026797 0.0045356750856043208 445.02448059602051 0.0022470673942716628
EDGE 24 78 2459.7510945323247 0.0092048464826033904 100 0.012100750894105937
EDGE 24 79 2320.6353990112375 0.0087408064715598609 100 0.01077069731028809
EDGE 25 87 2207.4232769766359 0.0083631714810405138 102.6121455972289 0.0097454350474765385
EDGE 25 88 2139.1318164186509 0.0081353756885326686 109.2684820238577 0.0091517698560291145
EDGE 26 35 2481.5752149092073 0.0092776439122734949 100 0.012316431094503356
EDGE 26 97 1761.8801633540736 0.0068769996253677393 161.07096937888682 0.0062084434200411539
EDGE 27 36 1019.968766344359 0.0044022495867603144 480.61382414222192 0.0020806725686360675
EDGE 27 46 2432.0284693810918 0.0091123737588525051 100 0.011829524951760272
EDGE 28 37 1958.3120513161011 0.0075322258751289242 130.37856936711634 0.0076699721806597516
EDGE 28 46 2191.9445288652487 0.0083115399349547644 104.06648494842911 0.0096092416352445958
EDGE 28 55 1068.1027664720059 0.0045628073287687781 438.27220065350639 0.0022816870394903052
EDGE 29 73 2461.2719743816992 0.0092099195917120097 100 0.012115719463753578
EDGE 29 74 2312.8681116825437 0.0087148975898604618 100 0.010698717804075953
EDGE 30 92 1511.534716957414 0.0060419371022249471 218.84355009223805 0.0045694744011350596
EDGE 31 40 2233.3470395541763 0.0084496438451236028 100.24381302036467 0.0099756779981708052
EDGE 32 41 951.53123443967581 0.0041739665526865123 552.23497273034241 0.0018108233802285867
EDGE 32 50 2231.105570418345 0.0084421671088815223 100.44533309586875 0.0099556641327035386
EDGE 32 51 2426.6549354963199 0.0090944495791695987 100 0.011777308351937301
EDGE 33 42 2212.9677189422264 0.0083816657487168211 102.09861403771617 0.0097944522501607206
EDGE 33 60 1359.9087141299394 0.0055361671978083572 270.36501336609081 0.0036987034215330912
EDGE 33 79 1775.6352250884393 0.0069228815725859236 158.58514381402043 0.0063057609051497456
EDGE 34 88 1414.5755540688142 0.0057185161478238867 249.87206573109196 0.0040020479963381855
EDGE 35 97 1505.6388890855462 0.0060222707373297109 220.56081462288157 0.0045338969286535143
EDGE 36 45 2238.897861588358 0.0084681593944179803 100 0.010025327269249845
EDGE 37 46 955.32622912694342 0.0041866252923779138 547.85622518825028 0.0018252964081158108
EDGE 37 55 2237.8307185849735 0.008464599788514271 100 0.010015772650085077
EDGE 37 56 2423.6126912210457 0.0090843017445790646 100 0.011747796954095439
EDGE 38 47 2213.1601201132617 0.0083823075299421373 102.08086291446749 0.0097961554345194924
EDGE 38 65 1365.9231796105228 0.0055562292951696702 267.98929997188094 0.0037314922651946409
EDGE 38 74 1776.8048379922357 0.0069267829812857925 158.37642963472737 0.0063140708646252305
EDGE 39 83 1417.6847811342755 0.0057288874129524485 248.77724260490319 0.0040196602773194768
EDGE 41 50 1979.1872617166391 0.0076018580818221892 127.64277286809677 0.0078343644338828167
EDGE 42 51 1005.7124931437273 0.0043546957780496512 494.33608554047731 0.0020229152377307436
EDGE 42 60 1786.3984479791632 0.0069587838196355266 156.67991917410373 0.0063824388298847259
EDGE 42 70 2480.3811840576968 0.009273661054067267 100 0.012304581636454924
EDGE 43 52 2457.1068207020867 0.0091960261345269967 100 0.012074747856681434
EDGE 43 70 2035.5239412619567 0.0077897770172122103 120.67507426054394 0.0082867154309012193
EDGE 43 89 743.9179795854011 0.003481443277620417 903.48281001692976 0.0011068279207008507
EDGE 44 98 569.60126386302966 0.0028999853020419538 1541.0904025725997 0.0006488911995887216
EDGE 46 55 1984.2593742582867 0.0076187768281291684 126.99105257359203 0.0078745705286637768
EDGE 47 56 1009.0878523894995 0.0043659547645774986 491.03454695605933 0.002036516587680105
EDGE 47 65 1793.0778591179792 0.0069810639369652832 155.51479366274617 0.0064302564177182312
EDGE 47 75 2477.2944795590574 0.0092633649161349418 100 0.012273975876907563
EDGE 48 57 2456.5770162574545 0.0091942588971249406 100 0.012069541273608755
EDGE 48 75 2039.5641385675456 0.007803253664798818 120.19745435860564 0.0083196437506615484
EDGE 48 84 743.14650085862093 0.0034788699015857864 905.3596393172337 0.0011045334434768247
EDGE 49 93 577.90043631303422 0.0029276683615337457 1497.1453288153555 0.00066793782858159056
EDGE 51 60 1720.1684265551633 0.0067378642479230194 168.97718089694729 0.0059179588314345333
EDGE 52 61 1160.2972316254097 0.0048703349622805049 371.39110009694207 0.0026925793314351793
EDGE 52 70 1482.9540612906567 0.0059466022967484284 227.36028703681831 0.0043983054957969052
EDGE 52 80 2249.1401534566103 0.0085023240026158714 100 0.010117262859781649
EDGE 53 99 373.44079984962877 0.0022456644251191565 2000 0.00050000000000000001
EDGE 56 65 1724.8115870761401 0.0067533521643034135 168.06863861579208 0.0059499500218242263
EDGE 57 66 1163.1066286068776 0.0048797061019022619 369.59913210242348 0.0027056340590185146
EDGE 57 75 1489.747933917693 0.0059692642165057172 225.29129985391938 0.0044386978132240689
EDGE 57 85 2244.2004715141957 0.0084858469972389893 100 0.010072871512689076
EDGE 58 94 368.95291341667058 0.0022306944473455387 2000 0.00050000000000000001
EDGE 61 70 1466.7773128113411 0.0058926424720509183 232.40294999203661 0.0043028713707561174
EDGE 62 71 1377.2094909317923 0.0055938763774097087 263.61492227477891 0.0037934119638252132
EDGE 62 80 1428.8217709244 0.0057660364121781878 244.9141551387246 0.0040830633061350778
EDGE 62 90 2357.9087062815429 0.0088651368417064814 100 0.011119466934316598
EDGE 62 99 2320.827649016589 0.0087414477485507295 100 0.010772481952879736
EDGE 66 75 1471.0854754647185 0.0059070129558253213 231.0437310404115 0.0043281849522465148
EDGE 67 76 1379.434531243382 0.0056012983129928575 262.76518166408425 0.0038056792519732983
EDGE 67 85 1435.2341075182633 0.0057874256647185681 242.7305898025468 0.004119793886767492
EDGE 67 94 2327.2142955396298 0.0087627513082388156 100 0.010831852754728031
EDGE 67 95 2352.4896963412084 0.0088470609702303062 100 0.011068415542783101
EDGE 71 80 1235.6292860909182 0.0051216156481525572 327.48666314401288 0.0030535594652911047
EDGE 72 81 1625.0875249530154 0.0064207084987875692 189.32871681580417 0.0052818189275158347
EDGE 72 90 1650.7737649856583 0.0065063885729428807 183.48260098685722 0.0054501080463298501
EDGE 76 85 1239.7299144796 0.0051352938721347021 325.32380468691804 0.0030738605217111928
EDGE 77 86 1626.7305174136316 0.0064261889317229976 188.94646718891693 0.0052925043525696427
EDGE 77 95 1656.1141957152315 0.0065242023323856656 182.30116527189764 0.0054854284584990162
EDGE 81 90 1053.5556237905057 0.0045142832839060471 450.45878904300321 0.0022199589048412034
EDGE 82 91 1883.9767326590807 0.0072842699420379705 140.87013621169757 0.0070987366584015698
EDGE 86 95 1057.5566985877608 0.0045276294328517128 447.05677771704183 0.0022368523414556881
EDGE 87 96 1885.0146076727415 0.0072877319204365763 140.71505481965525 0.0071065601422792392
EPOCH 200
POS 0 3162.0889812422888 3707.7068412781073 4920.2931638046803
POS 1 -1057.0467782843025 4121.281226668405 5469.1249102917154
POS 2 -4876.7531089488921 2965.6637564109792 3935.5687306125196
POS 3 -6842.6090091677952 678.89110223260695 900.91892166195669
POS 4 -6199.8174150387331 -1869.2334930965039 -2480.5566274131515
POS 5 -3186.8924011221793 -3704.310634379216 -4915.7862450263601
POS 6 1045.7537139367369 -4121.0443850347629 -5468.8106108282418
POS 7 4874.6277603660892 -2958.6704193506112 -3926.2882588807061
POS 8 6832.6392530699395 -664.56266646029769 -881.90444516839909
POS 9 6175.831852487433 1881.338777929755 2496.6208829653469
POS 10 -231.61285759566113 4626.8516468083935 5148.0583697036136
POS 11 -3776.4191396823921 2247.2442221290639 5358.3180163955758
POS 12 -5885.9778149746317 -990.11964149757455 3528.1707240033024
POS 13 -5754.9765856018103 -3853.7751814954458 351.56170939415478
POS 14 -3427.5384952632107 -5249.4709066196765 -2962.3019018306923
POS 15 211.47151064099222 -4638.7205574556347 -5145.0902531065185
POS 16 3768.7043451956019 -2251.9154055566069 -5357.3153336457945
POS 17 5879.1910709444674 995.66260925552672 -3516.9260055039217
POS 18 5736.3368596309974 3858.4331021321273 -332.02164722617692
POS 19 3400.6451806975683 5243.3677028474103 2976.7267438358163
POS 20 -3235.89307467039 3025.107585741493 5324.5375669588657
POS 21 -4462.404372335448 -1067.6545633835149 5194.1534278957342
POS 22 -3990.578136306558 -4757.4653009834165 3085.5486900364394
POS 23 -1997.2935710100246 -6638.1714078480854 -201.40388193086528
POS 24 760.27013859854583 -5986.4885651688701 -3414.4685074365279
POS 25 3228.0637182461919 -3045.0507244153664 -5322.8344486834649
POS 26 4458.8083715878984 1061.5697250436062 -5192.1102015494698
POS 27 3980.2785447577539 4757.84022333549 -3072.3958829688036
POS 28 1978.6175898443598 6628.6803815659177 221.08266299312712
POS 29 -777.41943061351742 5964.4402985183087 3427.0709967043595
POS 30 -4276.2509765543273 -124.25125394179341 5447.9862526727775
POS 31 -2631.2450307674867 -4041.5970844539179 4978.2559266736225
POS 32 17.445380846498654 -6423.4253541150638 2612.096707752612
POS 33 2662.427326818593 -6359.2081270704039 -752.45495160397388
POS 34 4292.9647049860141 -3866.6081415705416 -3832.5113244023551
POS 35 4281.6453868156541 105.78992277321552 -5447.2238972197201
POS 36 2630.3913798918306 4035.9468157177789 -4974.8614796663715
POS 37 -26.944538279270937 6416.2564196234125 -2597.1680398439139
POS 38 -2671.0216337094948 6338.2895574875211 771.88005464570438
POS 39 -4292.3542891361276 3838.7104926980528 3843.1811730109948
POS 40 -2862.3030777867389 -3059.364077879296 5517.1849545919831
POS 41 854.93722623463486 -5010.8228167375073 4712.7625693756027
POS 42 4250.2868081924962 -5055.7071973567945 2112.5188527079481
POS 43 6028.7144304954827 -3172.8897010189007 -1296.0818709597406
POS 44 5505.6912565143957 -76.667463557533551 -4212.2245151334873
POS 45 2875.8716707092663 3049.3351531308563 -5517.001621037406
POS 46 -854.16494513368878 5005.6021955365404 -4707.7600936666613
POS 47 -4253.2595750608298 5042.4968123814469 -2096.0173496381972
POS 48 -6021.2054626569488 3149.9330828101015 1314.871012504319
POS 49 -5487.9591732437175 55.677091782906814 4220.9284832749745
POS 50 173.66437005243512 -4168.247199527118 5531.4508613662474
POS 51 4207.0982631882644 -3315.8654944470291 4400.3021335957237
POS 52 6642.176197874981 -1199.4947153382791 1591.7832505507095
POS 53 6546.547601919513 1376.6253014645138 -1826.8434776201116
POS 54 3949.4954717327764 3428.5086882074966 -4549.7847005663461
POS 55 -159.24209308108706 4168.2553857330431 -5531.4617248284048
POS 56 -4204.3931583884869 3310.73891157254 -4393.4989283395362
POS 57 -6634.9773432026886 1186.0749661546099 -1573.9746418890725
POS 58 -6524.8543055509372 -1390.0357380119876 1844.6397279961118
POS 59 -3923.3378530853929 -3433.6202120062253 4556.5679217540446
POS 60 3130.197093312273 -2840.0065526103108 5490.6443046139357
POS 61 5622.2557871156114 318.07639968970881 4043.9698028406724
POS 62 5975.0622095575036 3358.3950070739129 1055.0733735061881
POS 63 4048.7499465187407 5120.6295048152024 -2339.4218135635188
POS 64 573.8653277951878 4926.7942728678408 -4841.7903368199522
POS 65 -3120.4276796554823 2846.9297952202687 -5490.4567980331476
POS 66 -5616.6240366896718 -322.11139927937512 -4035.2449567803437
POS 67 -5959.1909234454624 -3364.3730108723462 -1036.2754988547294
POS 68 -4022.4126309782032 -5116.8501233320685 2355.9078264910904
POS 69 -551.29916752239831 -4915.0414841204311 4846.7745186191869
POS 70 4343.6793170552073 212.06692415525586 5395.1700413771832
POS 71 4225.986239617373 4112.1236614706813 3647.2973056425726
POS 72 2497.9011049785913 6449.6058940970133 507.73702908472006
POS 73 -185.10231570992778 6328.1871610671733 -2828.6758456166281
POS 74 -2798.6602977581269 3787.3707492591025 -5085.2968517338713
POS 75 -4340.1537663910431 -203.09538565957575 -5394.3995059766421
POS 76 -4217.6593670946886 -4112.5662273188518 -3636.6065174500618
POS 77 -2480.3738783545236 -6443.043369384508 -488.30716678189435
POS 78 203.51435377061887 -6307.8811664034447 2843.586509736323
POS 79 2808.4188317876724 -3765.5758936884349 5088.6754237376363
POS 80 3076.8515663999137 3323.0040264542631 5245.9733285343991
POS 81 558.77127459961434 6118.3188657067076 3214.218765069782
POS 82 -2175.0658162371719 6584.9988585024812 -44.766480495597094
POS 83 -4081.1879009067666 4538.5154556802645 -3289.6936085813663
POS 84 -4427.3321856376806 755.62198173619515 -5277.8471441188376
POS 85 -3077.928585580536 -3315.5072353008754 -5244.2583490188608
POS 86 -550.53140740300898 -6112.8975655979311 -3201.5961094624563
POS 87 2184.8125072121311 -6567.0069034921617 64.445856941445456
POS 88 4082.5489874281043 -4510.678924671035 3302.8266165590994
POS 89 4422.0038492135063 -734.27180616612839 5279.8775465917743
POS 90 -73.980894757616767 4752.4483893976158 5044.5308236403762
POS 91 -3652.2256925324009 5214.067250775237 2749.0325548568571
POS 92 -5842.2656249075399 3688.6563775177433 -596.92052403297782
POS 93 -5803.4558410641121 753.49553587028026 -3717.8422193089013
POS 94 -3544.6916817756569 -2470.7260771983806 -5417.4970976713403
POS 95 70.786731752445206 -4747.3490225182277 -5041.5476367570736
POS 96 3655.7602863695379 -5203.1820361444379 -2734.5891240869469
POS 97 5837.525762197286 -3667.0155374134756 616.45699393307973
POS 98 5786.8733359416728 -730.99319311334773 3729.0661331680608
POS 99 3529.0644605119987 2483.0052337352208 5418.4905182782641
NEDGES 128
EDGE 0 19 2488.4962870948607 0.0093007301240875806 100 0.012385227541769815
EDGE 0 71 1707.6149436364669 0.0066959903362094151 171.47077504655837 0.0058318975914611482
EDGE 0 80 511.20371900131641 0.0027051920599060449 1913.2952575826137 0.00052265848464155373
EDGE 0 99 1372.1390723639647 0.0055769632815911756 265.56677633965899 0.0037655312678156832
EDGE 1 10 1019.8168122899123 0.0044017427225934826 480.75705900400408 0.0020800526612583165
EDGE 1 20 2443.3324240042293 0.0091500796928127848 100 0.011939746668380763
EDGE 1 90 1243.0087115869424 0.0051462307620391921 323.60979590707336 0.0030901413141620612
EDGE 2 11 1936.7697336946928 0.0074603684382703612 133.29505094650872 0.0075021540027116222
EDGE 2 20 2150.6254088704627 0.0081737141862003176 108.10367528992379 0.00925037929855849
EDGE 2 39 1054.6411926051619 0.004517904351700408 449.53192909289066 0.0022245360902792767
EDGE 3 58 2296.091305297572 0.0086589361874392853 100 0.010544070564526218
EDGE 4 66 2269.5279445730202 0.0085703303535842133 100 0.010301514182395678
EDGE 4 67 2092.6756233065489 0.0079804145083147791 114.1737257959301 0.0087585825287629059
EDGE 5 76 1692.7651764934317 0.0066464568447997174 174.49242248868549 0.0057309078854976781
EDGE 5 85 520.51428350576975 0.002736248760153165 1845.4602756185816 0.00054187023866704963
EDGE 5 94 1378.936171333879 0.005599635963269893 262.95514737594982 0.0038029299292258734
EDGE 6 15 1033.8328125145802 0.004448495066925867 467.80986988665461 0.0021376205684636141
EDGE 6 25 2437.5291490599207 0.0091307220512529402 100 0.011883096705033562
EDGE 6 95 1235.0594173135878 0.0051197147705216378 327.78894411428814 0.0030507435285899577
EDGE 7 16 1941.7537790502799 0.0074769934240649909 132.61165228902979 0.0075408154769120864
EDGE 7 25 2160.7813314072064 0.0082075906973190314 107.08986382720867 0.0093379519243157981
EDGE 7 34 1082.3478788560344 0.0046103239090025221 426.81164846427464 0.0023429538617283142
EDGE 8 53 2267.422882549653 0.0085633086224926082 100 0.010282413056619555
EDGE 9 61 2268.1544046234176 0.0085657487174791366 100 0.01028904880642522
EDGE 9 62 2073.6592718196675 0.0079169827875378625 116.27737223668936 0.008600125551207349
EDGE 10 29 2246.9636744628338 0.0084950640501531022 100 0.010097691508711039
EDGE 10 90 226.5840467708918 0.0017558030254746829 2000 0.00050000000000000001
EDGE 11 20 947.82960397528598 0.004161619242520391 556.55676520283214 0.0017967619163438953
EDGE 11 30 2425.2552547664709 0.0090897807468074167 100 0.011763726101544761
EDGE 11 39 2257.1206487429968 0.008528944069510238 100 0.010189187245964014
EDGE 12 21 2192.7314884335869 0.0083141649495184662 103.99180054637894 0.0096161427607363483
EDGE 12 49 1316.0634329455993 0.0053899150823387273 288.67977600815806 0.0034640459190731121
EDGE 12 58 1844.5521594629372 0.0071527637211705212 146.95627100425361 0.0068047453379587687
EDGE 13 67 1485.7018869852659 0.0059557680566642741 226.52005292843421 0.0044146201939831604
EDGE 14 76 1539.9772584572252 0.0061368112084301506 210.83435974139033 0.0047430599131308634
EDGE 15 24 2261.1302844482984 0.008542318774571369 100 0.010225420326498487
EDGE 15 95 205.70226987873198 0.0016861489153230532 2000 0.00050000000000000001
EDGE 16 25 960.49198484798546 0.0042038563987089545 541.97906844013846 0.0018450897059144454
EDGE 16 34 2281.9090304367101 0.008611629210621136 100 0.010414217646377212
EDGE 16 35 2414.5323516608814 0.009054012992084283 100 0.011659932954434052
EDGE 17 26 2197.2876123129004 0.0083293625429126054 103.56098911665545 0.009656145702447454
EDGE 17 44 1331.4780936732141 0.0054413328559226601 282.03431583229252 0.0035456678278633124
EDGE 17 53 1856.5764900343579 0.0071928725706447158 145.05887702342403 0.0068937525266965938
EDGE 18 62 1493.6734869935599 0.0059823584521047557 224.108670829011 0.0044621209714950016
EDGE 19 71 1552.5996982645102 0.0061789151355652527 207.42018127808313 0.0048211316461020956
EDGE 20 39 1993.1073111523185 0.0076482903687734487 125.86606064481882 0.0079449535075376519
EDGE 21 30 994.53204772934703 0.0043174018264640502 505.51312924042736 0.0019781879879214562
EDGE 21 49 1805.7694897181682 0.0070233986597426955 153.33644228095315 0.0065216068999940282
EDGE 22 31 2437.7437270702558 0.0091314378064516095 100 0.011885188957740763
EDGE 22 59 1980.1476347433652 0.0076050615414193154 127.51898921970545 0.0078419693107594866
EDGE 22 68 813.9697017338998 0.0037151106707757802 754.66381254246028 0.0013250933506815477
EDGE 23 77 594.77309084810634 0.0029839494789695689 1413.4074660919719 0.00070751005919401943
EDGE 24 86 1333.9769811390197 0.0054496682472879952 280.97865757785416 0.0035589891724175453
EDGE 24 95 2158.2957785130038 0.0081992997852968139 107.33666113118434 0.0093164813350941067
EDGE 25 34 2007.4943875411302 0.007696280489955255 124.06844091992861 0.0080600674320182759
EDGE 26 35 1004.9799755815887 0.004352252362471336 495.05697917373436 0.0020199695026399413
EDGE 26 44 1830.7713212494818 0.0071067957928730883 149.17697730768688 0.0067034472614191471
EDGE 27 36 2441.8642051616025 0.0091451822419148475 100 0.011925401592899012
EDGE 27 54 1987.6487733583299 0.0076300826465698817 126.55832383441681 0.0079014952924657475
EDGE 27 63 820.70419886596392 0.0037375745352004951 742.32945550587272 0.0013471107640724473
EDGE 28 72 619.59161288044186 0.0030667351574282828 1302.4436531767994 0.00076778753350357468
EDGE 29 81 1361.7599959793727 0.0055423424093589864 269.63040283355434 0.0037087805732994826
EDGE 29 90 2140.0762727652968 0.0081385260557998995 109.17205878816301 0.0091598529065060105
EDGE 30 49 1733.8632394047095 0.0067835452264936886 166.31841071923259 0.0060125634659179842
EDGE 31 40 1143.9466759556587 0.0048157953792008299 382.08364038742872 0.0026172279948600019
EDGE 31 59 1488.9461079601856 0.0059665896130054932 225.5340125370621 0.0044339210248195695
EDGE 31 69 2259.727256551801 0.0085376387772630388 100 0.010212734548006258
EDGE 32 78 318.68424878150563 0.0020630162309870572 2000 0.00050000000000000001
EDGE 33 87 968.825669763272 0.0042316545793932951 532.69513422461955 0.0018772463567845051
EDGE 34 96 1843.3373008503413 0.0071487113890314792 147.15003903816358 0.0067957848094124425
EDGE 35 44 1748.3713743671776 0.0068319391556113723 163.56961436012674 0.0061136049254131488
EDGE 36 45 1152.2061789532938 0.0048433461156427559 376.62539880118845 0.0026551581576362993
EDGE 36 54 1513.1777661579542 0.0060474177244243896 218.36855566359858 0.0045794139039895534
EDGE 36 64 2245.131738656195 0.0084889533700550773 100 0.01008123304784278
EDGE 37 73 293.88082788461662 0.0019802809244941601 2000 0.00050000000000000001
EDGE 38 82 986.78732027231842 0.0042915681963964503 513.47923270861861 0.0019474984309004466
EDGE 38 91 2477.0484874243471 0.0092625443746965352 100 0.01227153841810249
EDGE 39 91 1870.4363209655248 0.007239103990286256 142.91708510884135 0.0069970640615740947
EDGE 40 59 1479.4078315674365 0.0059347733476585209 228.4515860438942 0.0043772950642061298
EDGE 41 50 1358.0562929167111 0.0055299881857491934 271.10308506554867 0.0036886337894613598
EDGE 41 69 1415.8510025227772 0.005722770585919067 249.42208138705814 0.0040092681226895069
EDGE 41 78 2366.5441604026782 0.0088939416161118966 100 0.011201062526272034
EDGE 41 79 2346.9215488958866 0.008828487629585019 100 0.011016081513343734
EDGE 42 88 1319.8577071888992 0.0054025714188877267 287.02239153876928 0.0034840487344518761
EDGE 43 97 1984.5700690083468 0.0076198131942610339 126.95129346860776 0.0078770367176075901
EDGE 45 54 1493.9709525530295 0.0059833506904067267 224.01943485796554 0.0044638984141444132
EDGE 46 55 1364.7533943432907 0.0055523273115272659 268.44890577118008 0.0037251036547430666
EDGE 46 64 1436.4697195403762 0.0057915472227802883 242.31318894966296 0.0041268905103128148
EDGE 46 73 2393.2892437833043 0.0089831536115004759 100 0.011455666808817721
EDGE 46 74 2325.4427614476249 0.0087568421065736916 100 0.01081536807353831
EDGE 47 83 1307.084113633513 0.005359963297120413 292.65970590397785 0.0034169377602262124
EDGE 48 92 1994.2891297327176 0.0076522324912280401 125.71692803218806 0.0079543782659401603
EDGE 50 69 1245.8152064538888 0.0051555922212489043 322.15342220441545 0.0031041110572634914
EDGE 51 60 1604.6818725551018 0.0063526425689971891 194.1744622791212 0.0051500078242138949
EDGE 51 79 1622.467682756655 0.0064119696458696607 189.94063880107902 0.0052648027631794986
EDGE 51 88 1627.1275812396648 0.0064275133940816642 188.85426218408818 0.0052950883312616838
EDGE 52 98 2349.2583472848446 0.0088362823499877514 100 0.011038029564575041
EDGE 55 64 1260.3469194142804 0.0052040647981020267 314.76743562740967 0.0031769487145541331
EDGE 56 65 1610.4088373388581 0.0063717456672604429 192.79586453352988 0.005186833246758186
EDGE 56 74 1637.6346207152556 0.0064625611052405319 186.43866404543212 0.0053636943019303987
EDGE 56 83 1655.5968596426726 0.0065224766849961008 182.41511294378819 0.0054820019233173594
EDGE 57 93 2339.8122064678346 0.0088047734158403501 100 0.010949442323071754
EDGE 60 79 1059.1500535460175 0.0045329442929015161 445.71271068135223 0.0022435976718530636
EDGE 60 89 2479.3761600978555 0.0092703086549890991 100 0.012294612286523177
EDGE 61 70 1863.2600149513048 0.0072151664100612726 144.02008930535416 0.0069434757666326733
EDGE 61 89 2018.7890954405559 0.007733955580165249 122.6840498868135 0.0081510188237393956
EDGE 61 98 1107.6146753716966 0.0046946048701855493 407.56098362896392 0.0024536205381974975
EDGE 65 74 1073.3676062616119 0.0045803689439766091 433.9833177797322 0.0023042360363435652
EDGE 65 84 2475.2314282575021 0.009256483317727434 100 0.012253541246867349
EDGE 66 75 1868.379578954768 0.0072322434374075149 143.2319091041316 0.0069816845021103925
EDGE 66 84 2029.7745055824141 0.0077705989641087443 121.3596785908678 0.0082399690870246668
EDGE 66 93 1136.9172792346019 0.0047923478356303477 386.82298343474929 0.0025851617996444196
EDGE 70 89 956.54800412626946 0.0041907006950997732 546.45759268947995 0.0018299681683958996
EDGE 70 98 2397.5140445640882 0.0089972460299988198 100 0.011496147187764108
EDGE 70 99 2412.7374525757486 0.0090480258531912376 100 0.011642604030123425
EDGE 71 80 2121.0811681140985 0.0080751652068381877 111.13617054610145 0.008997970643456539
EDGE 74 83 2330.9411038553767 0.008775182602677005 100 0.010866572859285047
EDGE 75 84 969.70280002857203 0.0042345803710264526 531.7318871235002 0.0018806470407665052
EDGE 75 93 2422.2228403626582 0.009079665701138679 100 0.011734326976749088
EDGE 75 94 2403.2150091099861 0.0090162624008039115 100 0.011550884760023021
EDGE 76 85 2125.7548547831398 0.0080907549474881716 110.64801957826937 0.0090376674052681759
EDGE 79 88 2316.8604063242074 0.0087282144513595727 100 0.010735684284785545
EDGE 80 99 969.46204367566509 0.0042337772942762459 531.99602067403384 0.0018797133082555947
EDGE 81 90 2369.8142749228332 0.0089048495440229962 100 0.011232039395256068
EDGE 84 93 2080.225036438962 0.0079388838208830532 115.5445236130779 0.0086546724044549612
EDGE 85 94 980.57873579296279 0.0042708585877532746 520.00205745423341 0.0019230693141786507
EDGE 86 95 2374.0641685397832 0.0089190256632132592 100 0.011272361352688984
EDGE 89 98 2065.8885509897223 0.0078910624529110809 117.15375866192032 0.0085357910102208286
